New Sample
56
0.4817	0.0
0.4817	0.0
0.4817	0.0
0.4817	0.0
0.4817	0.0
0.4817	0.0
0.4817	0.0
0.4817	0.0
0.4817	0.0
0.4817	0.0
0.4817	0.0
0.4817	0.0
0.4817	0.0
0.4817	0.0
0.4817	0.0
0.4817	0.0
0.4817	0.0
0.4817	0.0
0.4817	0.0
0.4817	0.0
0.4817	0.0
0.4817	0.0
0.4817	0.0
0.4817	0.0
0.4817	0.0
0.4817	0.0
0.4817	0.0
0.4817	0.0
0.4817	0.0
0.4817	0.0
0.4817	0.0
0.4817	0.0
0.4817	0.0
0.4817	0.0
0.482	0.0
0.4822	0.0
0.4825	0.0
0.4835	0.0
0.485	0.0
0.486	0.0
0.487	0.0
0.488	0.0
0.4893	0.0
0.4902	0.0
0.4912	0.0
0.4925	0.0
0.4935	0.0
0.4947	0.0
0.4957	0.0
0.4967	0.0
0.498	0.0
0.499	0.0
0.5	0.0
0.501	0.0
0.5017	0.0
0.5027	0.0
0.5038	100.0
0.5045	100.0
0.5055	100.0
0.5065	200.0
0.5072	200.0
0.5082	300.0
0.509	400.0
0.51	400.0
0.511	500.0
0.512	500.0
0.5132	600.0
0.5143	600.0
0.5153	600.0
0.5165	600.0
0.5175	600.0
0.5187	600.0
0.52	600.0
0.5213	600.0
0.5222	600.0
0.5235	600.0
0.5245	600.0
0.5258	600.0
0.527	600.0
0.5282	600.0
0.5295	600.0
0.5307	600.0
0.532	600.0
0.5332	600.0
0.5345	600.0
0.536	600.0
0.5373	600.0
0.5385	600.0
0.54	600.0
0.5412	600.0
0.5428	600.0
0.544	600.0
0.5455	600.0
0.5468	600.0
0.548	600.0
0.5493	600.0
0.5505	600.0
0.5517	600.0
0.553	600.0
0.554	600.0
0.5553	600.0
0.5565	600.0
0.558	600.0
0.5592	600.0
0.5608	600.0
0.5623	600.0
0.5638	600.0
0.565	600.0
0.5663	600.0
0.5677	600.0
0.569	600.0
0.5702	600.0
0.5713	600.0
0.5725	600.0
0.5737	600.0
0.5752	600.0
0.5765	600.0
0.5778	600.0
0.5793	600.0
0.5805	600.0
0.582	600.0
0.5833	600.0
0.5845	600.0
0.5858	600.0
0.587	600.0
0.5883	600.0
0.5895	700.0
0.5907	700.0
0.592	700.0
0.5932	700.0
0.5943	800.0
0.5955	800.0
0.5968	800.0
0.598	900.0
0.599	900.0
0.6003	1000.0
0.6013	1000.0
0.6025	1100.0
0.6037	1100.0
0.605	1200.0
0.606	1200.0
0.6073	1200.0
0.6082	1300.0
0.6095	1300.0
0.6105	1400.0
0.6118	1400.0
0.613	1500.0
0.614	1500.0
0.6152	1600.0
0.6162	1700.0
0.6175	1700.0
0.6185	1800.0
0.6198	1900.0
0.6207	1900.0
0.622	2000.0
0.623	2200.0
0.624	2300.0
0.625	2300.0
0.626	2400.0
0.627	2500.0
0.6283	2600.0
0.6293	2600.0
0.6308	2700.0
0.6317	2800.0
0.6327	2900.0
0.634	3000.0
0.635	3100.0
0.6362	3200.0
0.6373	3300.0
0.6382	3400.0
0.6395	3500.0
0.6405	3600.0
0.6418	3700.0
0.6427	3800.0
0.6437	3900.0
0.645	4000.0
0.646	4300.0
0.647	4400.0
0.648	4500.0
0.649	4600.0
0.6502	4700.0
0.6513	4800.0
0.6523	4900.0
0.6535	5000.0
0.6547	5100.0
0.6557	5300.0
0.6568	5400.0
0.658	5500.0
0.659	5600.0
0.66	5800.0
0.6612	5900.0
0.6623	6000.0
0.6633	6100.0
0.6645	6300.0
0.6655	6400.0
0.6667	6600.0
0.6678	6700.0
0.6687	6800.0
0.6698	7000.0
0.671	7100.0
0.672	7200.0
0.6732	7400.0
0.6743	7500.0
0.6752	7700.0
0.6765	7800.0
0.6775	7900.0
0.6787	8100.0
0.6797	8200.0
0.681	8400.0
0.6823	8500.0
0.6832	8700.0
0.6845	9000.0
0.6855	9100.0
0.6865	9200.0
0.6877	9400.0
0.6888	9500.0
0.69	9600.0
0.691	9800.0
0.6922	9900.0
0.6935	10100.0
0.6945	10200.0
0.6957	10400.0
0.6968	10500.0
0.698	10700.0
0.6992	10900.0
0.7002	11000.0
0.7015	11200.0
0.7028	11400.0
0.704	11500.0
0.7052	11700.0
0.7062	11900.0
0.7075	12000.0
0.709	12200.0
0.7103	12400.0
0.7115	12600.0
0.7127	12800.0
0.714	12900.0
0.7153	13100.0
0.7165	13300.0
0.7175	13500.0
0.7188	13700.0
0.7202	13800.0
0.7213	14000.0
0.7225	14200.0
0.724	14400.0
0.7253	14600.0
0.7265	14800.0
0.7278	15000.0
0.729	15100.0
0.7303	15300.0
0.7315	15500.0
0.7328	15700.0
0.734	15900.0
0.7352	16100.0
0.7365	16200.0
0.7377	16400.0
0.739	16600.0
0.7402	16800.0
0.7415	17000.0
0.7428	17200.0
0.744	17400.0
0.7453	17600.0
0.7465	17800.0
0.748	18000.0
0.7493	18100.0
0.7505	18300.0
0.7517	18500.0
0.753	18700.0
0.7543	18900.0
0.7558	19100.0
0.757	19300.0
0.7582	19500.0
0.7595	19700.0
0.761	19900.0
0.7623	20000.0
0.7635	20300.0
0.7648	20400.0
0.766	20600.0
0.7672	20800.0
0.7685	21000.0
0.77	21200.0
0.7713	21400.0
0.7725	21600.0
0.774	21800.0
0.7752	22000.0
0.7765	22200.0
0.7778	22400.0
0.7793	22600.0
0.7805	22800.0
0.7818	23000.0
0.783	23200.0
0.7843	23400.0
0.7858	23600.0
0.787	23800.0
0.7883	24000.0
0.7895	24100.0
0.791	24300.0
0.7922	24500.0
0.7935	24700.0
0.7948	24900.0
0.796	25100.0
0.7972	25300.0
0.7988	25500.0
0.8	25700.0
0.8013	25900.0
0.8027	26100.0
0.804	26300.0
0.8053	26500.0
0.8067	26700.0
0.808	26900.0
0.8092	27100.0
0.8105	27300.0
0.812	27500.0
0.8132	27600.0
0.8145	27800.0
0.8158	28000.0
0.817	28200.0
0.8185	28400.0
0.8197	28600.0
0.821	28800.0
0.8225	29000.0
0.8237	29200.0
0.8252	29400.0
0.8265	29600.0
0.8278	29800.0
0.8293	30000.0
0.8305	30100.0
0.832	30300.0
0.8333	30500.0
0.8345	30700.0
0.8358	30900.0
0.8372	31100.0
0.8385	31200.0
0.8398	31400.0
0.841	31600.0
0.8425	31800.0
0.8438	32000.0
0.845	32100.0
0.8465	32300.0
0.8477	32500.0
0.849	32700.0
0.8503	32800.0
0.8515	33000.0
0.853	33100.0
0.8542	33300.0
0.8555	33500.0
0.8568	33600.0
0.858	33700.0
0.8593	33900.0
0.8605	34000.0
0.862	34200.0
0.8633	34200.0
0.8647	34200.0
0.8662	34200.0
0.8675	34200.0
0.8687	34200.0
0.8703	34200.0
0.8715	34200.0
0.8728	34200.0
0.8743	34200.0
0.8755	34300.0
0.8767	34300.0
0.8783	34300.0
0.8795	34300.0
0.8808	34300.0
0.8822	34300.0
0.8832	34300.0
0.8848	34400.0
0.886	34400.0
0.8873	34300.0
0.8885	34300.0
0.8898	34300.0
0.891	34300.0
0.8922	34300.0
0.8935	34300.0
0.8947	34300.0
0.896	34300.0
0.8972	34200.0
0.8985	34200.0
0.8997	34200.0
0.901	34200.0
0.9023	34200.0
0.9035	34200.0
0.905	34200.0
0.9063	34200.0
0.9073	34200.0
0.9085	34200.0
0.9097	34200.0
0.911	34200.0
0.9123	34200.0
0.9135	34200.0
0.9147	34200.0
0.916	34100.0
0.9172	34100.0
0.9185	34100.0
0.9198	34200.0
0.921	34200.0
0.9222	34200.0
0.9235	34200.0
0.9248	34200.0
0.926	34100.0
0.9272	34100.0
0.9285	34100.0
0.9297	34200.0
0.931	34200.0
0.9323	34200.0
0.9335	34200.0
0.9348	34100.0
0.936	34100.0
0.9373	34100.0
0.9385	34100.0
0.9397	34100.0
0.941	34100.0
0.9422	34100.0
0.9435	34100.0
0.9447	34100.0
0.946	34100.0
0.9473	34100.0
0.9485	34100.0
0.9498	34100.0
0.951	34100.0
0.9523	34100.0
0.9535	34100.0
0.9547	34100.0
0.956	34100.0
0.9572	34100.0
0.9585	34100.0
0.9597	34100.0
0.961	34100.0
0.9622	34100.0
0.9635	34100.0
0.9648	34100.0
0.966	34100.0
0.9672	34100.0
0.9685	34100.0
0.9698	34100.0
0.971	34000.0
0.9722	34000.0
0.9735	34000.0
0.9748	34100.0
0.976	34100.0
0.9772	34100.0
0.9785	34100.0
0.9797	34100.0
0.981	34100.0
0.9823	34200.0
0.9835	34100.0
0.9845	34100.0
0.986	34100.0
0.9873	34100.0
0.9883	34100.0
0.9895	34100.0
0.991	34100.0
0.9922	34100.0
0.9933	34100.0
0.9948	34100.0
0.996	34100.0
0.9973	34100.0
0.9985	34100.0
0.9995	34100.0
1.001	34100.0
1.0022	34100.0
1.0033	34100.0
1.0043	34100.0
1.0055	34100.0
1.0067	34100.0
1.008	34100.0
1.0093	34100.0
1.0108	34100.0
1.012	34100.0
1.0132	34100.0
1.0145	34100.0
1.0157	34100.0
1.017	34100.0
1.0182	34100.0
1.0195	34100.0
1.0205	34100.0
1.0218	34100.0
1.023	34100.0
1.0242	34100.0
1.0255	34100.0
1.0267	34100.0
1.028	34100.0
1.0293	34100.0
1.0302	34100.0
1.0315	34200.0
1.033	34200.0
1.034	34100.0
1.0352	34100.0
1.0365	34100.0
1.0378	34100.0
1.039	34100.0
1.0403	34100.0
1.0412	34100.0
1.0425	34200.0
1.044	34100.0
1.045	34100.0
1.0462	34100.0
1.0475	34100.0
1.0488	34100.0
1.05	34100.0
1.0513	34100.0
1.0525	34100.0
1.0535	34100.0
1.055	34100.0
1.056	34100.0
1.0573	34100.0
1.0585	34100.0
1.0598	34100.0
1.061	34100.0
1.0623	34100.0
1.0635	34100.0
1.0647	34100.0
1.066	34100.0
1.0672	34100.0
1.0683	34100.0
1.0697	34100.0
1.0707	34100.0
1.072	34100.0
1.0733	34100.0
1.0742	34100.0
1.0755	34100.0
1.0768	34100.0
1.078	34100.0
1.0793	34100.0
1.0805	34100.0
1.0817	34100.0
1.083	34100.0
1.0843	34100.0
1.0855	34100.0
1.0867	34100.0
1.088	34100.0
1.0892	34100.0
1.0903	34100.0
1.0915	34100.0
1.0927	34100.0
1.094	34100.0
1.0952	34100.0
1.0965	34100.0
1.0977	34100.0
1.099	34100.0
1.1003	34100.0
1.1013	34100.0
1.1028	34100.0
1.1037	34100.0
1.105	34100.0
1.1062	34100.0
1.1073	34100.0
1.1085	34100.0
1.1097	34000.0
1.1113	33900.0
1.1125	33900.0
1.1135	34000.0
1.1147	34100.0
1.116	34200.0
1.1172	34200.0
1.1185	34200.0
1.1198	34200.0
1.121	34300.0
1.122	34300.0
1.1232	34300.0
1.1245	34300.0
1.1257	34200.0
1.127	34300.0
1.1283	34300.0
1.1293	34300.0
1.1305	34300.0
1.1317	34300.0
1.133	34300.0
1.1343	34300.0
1.1355	34300.0
1.1367	34300.0
1.138	34300.0
1.1393	34400.0
1.1403	34300.0
1.1415	34300.0
1.1427	34300.0
1.144	34400.0
1.1452	34400.0
1.1463	34400.0
1.1475	34400.0
1.149	34400.0
1.1502	34400.0
1.1513	34400.0
1.1525	34400.0
1.1537	34400.0
1.1552	34400.0
1.1563	34400.0
1.1575	34400.0
1.159	34400.0
1.16	34200.0
1.161	34300.0
1.1623	34400.0
1.1633	34500.0
1.1645	34600.0
1.1657	34600.0
1.167	34700.0
1.1683	34700.0
1.1695	34700.0
1.1707	34800.0
1.172	34800.0
1.1732	34800.0
1.1745	34800.0
1.1755	34800.0
1.177	34900.0
1.1782	34900.0
1.1793	34900.0
1.1805	34900.0
1.1817	34900.0
1.183	34900.0
1.1842	35000.0
1.1853	35000.0
1.1865	35000.0
1.1877	35000.0
1.189	35000.0
1.1902	35000.0
1.1913	35100.0
1.1925	35100.0
1.1937	35100.0
1.195	35100.0
1.1963	35100.0
1.1975	35100.0
1.1987	35100.0
1.2	35200.0
1.2012	35200.0
1.2025	35200.0
1.2038	35200.0
1.2047	35200.0
1.2057	35300.0
1.207	35300.0
1.2083	35300.0
1.2095	35300.0
1.211	35300.0
1.2122	35300.0
1.2133	35300.0
1.2145	35400.0
1.2157	35400.0
1.217	35400.0
1.2182	35400.0
1.2193	35400.0
1.2205	35400.0
1.2217	35400.0
1.223	35400.0
1.2242	35500.0
1.2255	35500.0
1.2267	35500.0
1.228	35500.0
1.2292	35500.0
1.2303	35500.0
1.2315	35600.0
1.2328	35600.0
1.234	35600.0
1.2352	35600.0
1.2363	35600.0
1.2375	35600.0
1.2388	35700.0
1.24	35700.0
1.2412	35700.0
1.2425	35700.0
1.2437	35700.0
1.245	35700.0
1.2462	35700.0
1.2475	35800.0
1.2487	35800.0
1.2498	35800.0
1.251	35800.0
1.2522	35800.0
1.2533	35900.0
1.2545	35900.0
1.2555	35900.0
1.2572	35900.0
1.2582	35900.0
1.2595	35900.0
1.2608	35900.0
1.262	36000.0
1.2632	36000.0
1.2643	36000.0
1.2655	36000.0
1.2668	36000.0
1.268	36000.0
1.2692	36000.0
1.2705	36000.0
1.2718	36100.0
1.273	36100.0
1.2742	36100.0
1.2752	36100.0
1.2765	36100.0
1.2778	36100.0
1.279	36200.0
1.2802	36200.0
1.2813	36200.0
1.2825	36200.0
1.2838	36200.0
1.285	36200.0
1.2862	36200.0
1.2875	36300.0
1.2888	36300.0
1.29	36300.0
1.2912	36300.0
1.2925	36300.0
1.2937	36300.0
1.295	36400.0
1.2962	36400.0
1.2975	36400.0
1.2988	36400.0
1.3	36400.0
1.3013	36400.0
1.3022	36500.0
1.3035	36500.0
1.3047	36500.0
1.306	36500.0
1.3073	36500.0
1.3085	36500.0
1.3098	36500.0
1.311	36600.0
1.3123	36600.0
1.3132	36600.0
1.3145	36600.0
1.3158	36600.0
1.317	36600.0
1.3183	36600.0
1.3195	36600.0
1.3207	36700.0
1.322	36700.0
1.3233	36700.0
1.3245	36700.0
1.3255	36700.0
1.3268	36700.0
1.328	36800.0
1.3293	36800.0
1.3302	36800.0
1.3315	36800.0
1.3327	36800.0
1.334	36800.0
1.3353	36800.0
1.3365	36900.0
1.3377	36900.0
1.3392	36900.0
1.3403	36900.0
1.3412	36900.0
1.3425	36900.0
1.3438	37000.0
1.345	37000.0
1.3465	37000.0
1.3477	37000.0
1.349	37000.0
1.3503	37000.0
1.3513	37000.0
1.3525	37100.0
1.3537	37100.0
1.355	37100.0
1.3562	37100.0
1.3573	37100.0
1.3585	37100.0
1.36	37200.0
1.3613	37200.0
1.3625	37200.0
1.3635	37200.0
1.3647	37200.0
1.3657	37200.0
1.367	37200.0
1.3683	37200.0
1.3698	37300.0
1.371	37300.0
1.3723	37300.0
1.3735	37300.0
1.3748	37300.0
1.376	37300.0
1.3772	37300.0
1.3783	37400.0
1.3795	37400.0
1.3808	37400.0
1.382	37400.0
1.3832	37400.0
1.3845	37400.0
1.3858	37400.0
1.387	37500.0
1.3882	37500.0
1.3895	37500.0
1.3905	37500.0
1.392	37500.0
1.3932	37500.0
1.3942	37600.0
1.3955	37600.0
1.3968	37600.0
1.3983	37600.0
1.3992	37600.0
1.4005	37600.0
1.4017	37600.0
1.403	37700.0
1.4043	37700.0
1.4052	37700.0
1.4068	37700.0
1.408	37700.0
1.409	37700.0
1.4102	37700.0
1.4115	37800.0
1.4128	37800.0
1.414	37800.0
1.4153	37800.0
1.4165	37800.0
1.4178	37800.0
1.419	37800.0
1.4203	37800.0
1.4212	37900.0
1.4225	37900.0
1.4238	37900.0
1.425	37900.0
1.4263	37900.0
1.4275	37900.0
1.4287	37900.0
1.43	37900.0
1.4312	38000.0
1.4325	38000.0
1.4337	38000.0
1.435	38000.0
1.4362	38000.0
1.4375	38000.0
1.4388	38100.0
1.44	38100.0
1.4413	38100.0
1.4425	38100.0
1.4437	38100.0
1.4447	38100.0
1.446	38100.0
1.4473	38200.0
1.4487	38200.0
1.45	38200.0
1.4512	38200.0
1.4523	38200.0
1.4538	38200.0
1.455	38200.0
1.4562	38300.0
1.4572	38300.0
1.4585	38300.0
1.4597	38300.0
1.461	38300.0
1.462	38300.0
1.4633	38400.0
1.4645	38400.0
1.4657	38400.0
1.467	38400.0
1.4685	38400.0
1.4698	38400.0
1.471	38400.0
1.4722	38400.0
1.4735	38400.0
1.4748	38500.0
1.476	38500.0
1.4772	38500.0
1.4785	38500.0
1.48	38500.0
1.4812	38500.0
1.4825	38500.0
1.4837	38600.0
1.485	38600.0
1.4863	38600.0
1.4875	38600.0
1.4888	38600.0
1.49	38600.0
1.4912	38600.0
1.4922	38600.0
1.4935	38700.0
1.4948	38700.0
1.496	38700.0
1.4973	38700.0
1.4985	38700.0
1.4998	38700.0
1.5013	38800.0
1.5022	38800.0
1.5038	38800.0
1.505	38800.0
1.5062	38800.0
1.5075	38800.0
1.5088	38800.0
1.51	38800.0
1.5112	38900.0
1.5125	38900.0
1.5135	38900.0
1.515	38900.0
1.516	38900.0
1.5172	38900.0
1.5185	39000.0
1.5197	39000.0
1.5208	39000.0
1.5222	39000.0
1.5235	39000.0
1.5247	39000.0
1.5263	39000.0
1.5275	39000.0
1.5287	39000.0
1.53	39100.0
1.5313	39100.0
1.5325	39100.0
1.5338	39100.0
1.535	39100.0
1.5362	39100.0
1.5375	39100.0
1.5385	39100.0
1.5397	39200.0
1.541	39200.0
1.5422	39200.0
1.5435	39200.0
1.545	39200.0
1.5462	39200.0
1.5475	39200.0
1.5488	39300.0
1.55	39300.0
1.5513	39300.0
1.5522	39300.0
1.5535	39300.0
1.555	39300.0
1.5562	39300.0
1.5575	39300.0
1.5587	39400.0
1.56	39400.0
1.5612	39400.0
1.5625	39400.0
1.5638	39400.0
1.565	39400.0
1.5663	39500.0
1.5672	39500.0
1.5685	39500.0
1.5697	39500.0
1.571	39500.0
1.5723	39500.0
1.5737	39500.0
1.575	39500.0
1.5762	39600.0
1.5775	39600.0
1.5788	39600.0
1.58	39600.0
1.5812	39600.0
1.5825	39600.0
1.5835	39600.0
1.5847	39600.0
1.586	39600.0
1.5872	39700.0
1.5885	39700.0
1.5898	39700.0
1.5912	39700.0
1.5922	39700.0
1.5938	39700.0
1.595	39700.0
1.5963	39700.0
1.5975	39800.0
1.5987	39800.0
1.6	39800.0
1.6013	39800.0
1.6022	39800.0
1.6035	39800.0
1.6047	39800.0
1.606	39900.0
1.6073	39900.0
1.6085	39900.0
1.61	39900.0
1.6113	39900.0
1.6123	39900.0
1.6138	39900.0
1.6147	39900.0
1.6162	40000.0
1.6172	40000.0
1.6187	40000.0
1.62	40000.0
1.6212	40000.0
1.6225	40000.0
1.6237	40000.0
1.6252	40000.0
1.6263	40100.0
1.6275	40100.0
1.6288	40100.0
1.63	40100.0
1.6312	40100.0
1.6325	40100.0
1.6338	40100.0
1.635	40200.0
1.6362	40200.0
1.6375	40200.0
1.6387	40200.0
1.64	40200.0
1.6413	40200.0
1.6425	40200.0
1.6437	40200.0
1.645	40200.0
1.6463	40200.0
1.6475	40300.0
1.6487	40300.0
1.65	40300.0
1.6513	40300.0
1.6525	40300.0
1.6537	40300.0
1.655	40300.0
1.6563	40300.0
1.6575	40400.0
1.6588	40400.0
1.66	40400.0
1.6612	40400.0
1.6625	40400.0
1.6638	40400.0
1.665	40400.0
1.6662	40400.0
1.6675	40500.0
1.6687	40500.0
1.67	40500.0
1.6712	40500.0
1.6725	40500.0
1.6738	40500.0
1.675	40500.0
1.6763	40500.0
1.6775	40600.0
1.6787	40600.0
1.68	40600.0
1.6812	40600.0
1.6825	40600.0
1.6837	40600.0
1.685	40600.0
1.6862	40600.0
1.6875	40700.0
1.6888	40700.0
1.69	40700.0
1.6913	40700.0
1.6925	40700.0
1.6937	40700.0
1.695	40700.0
1.6963	40700.0
1.6975	40800.0
1.6987	40800.0
1.7	40800.0
1.7012	40800.0
1.7023	40800.0
1.7038	40800.0
1.705	40800.0
1.7062	40800.0
1.7075	40800.0
1.7085	40800.0
1.71	40900.0
1.7112	40900.0
1.7122	40900.0
1.7135	40900.0
1.715	40900.0
1.7162	40900.0
1.7175	40900.0
1.7188	40900.0
1.72	40900.0
1.7213	41000.0
1.7225	41000.0
1.7237	41000.0
1.725	41000.0
1.7263	41000.0
1.7272	41000.0
1.7285	41000.0
1.73	41000.0
1.7312	41100.0
1.7323	41100.0
1.7337	41100.0
1.735	41100.0
1.7363	41100.0
1.7375	41100.0
1.7388	41100.0
1.74	41100.0
1.7412	41200.0
1.7422	41200.0
1.7437	41200.0
1.745	41200.0
1.7462	41200.0
1.7473	41200.0
1.7485	41200.0
1.7498	41200.0
1.751	41200.0
1.7522	41300.0
1.7538	41300.0
1.755	41300.0
1.7567	41300.0
1.7575	41300.0
1.7588	41300.0
1.76	41300.0
1.7612	41300.0
1.7625	41300.0
1.7637	41400.0
1.765	41400.0
1.7663	41400.0
1.7675	41400.0
1.7687	41400.0
1.77	41400.0
1.7713	41400.0
1.7725	41400.0
1.7735	41400.0
1.7747	41400.0
1.776	41500.0
1.7773	41500.0
1.7785	41500.0
1.7797	41500.0
1.781	41500.0
1.7823	41500.0
1.7835	41500.0
1.7847	41500.0
1.786	41500.0
1.7873	41500.0
1.7885	41600.0
1.7897	41600.0
1.791	41600.0
1.7922	41600.0
1.7935	41600.0
1.7948	41600.0
1.796	41600.0
1.7972	41600.0
1.7985	41700.0
1.7995	41700.0
1.801	41700.0
1.8022	41700.0
1.8032	41700.0
1.8045	41700.0
1.806	41700.0
1.8073	41700.0
1.8085	41700.0
1.8098	41800.0
1.811	41800.0
1.8123	41800.0
1.8135	41800.0
1.8147	41800.0
1.816	41800.0
1.8172	41800.0
1.8185	41800.0
1.8197	41800.0
1.821	41900.0
1.8223	41900.0
1.8233	41900.0
1.8245	41900.0
1.826	41900.0
1.8273	41900.0
1.8282	41900.0
1.8295	41900.0
1.831	41900.0
1.8322	42000.0
1.8333	42000.0
1.8347	42000.0
1.836	42000.0
1.8372	42000.0
1.8385	42000.0
1.8395	42000.0
1.841	42000.0
1.8422	42000.0
1.8432	42000.0
1.8445	42000.0
1.8457	42100.0
1.847	42100.0
1.8483	42100.0
1.8495	42100.0
1.8508	42100.0
1.852	42100.0
1.8532	42100.0
1.8547	42100.0
1.8558	42100.0
1.8573	42100.0
1.8582	42100.0
1.8595	42200.0
1.861	42200.0
1.862	42200.0
1.8633	42200.0
1.8645	42200.0
1.8657	42200.0
1.8672	42200.0
1.8683	42200.0
1.8695	42200.0
1.8707	42300.0
1.872	42300.0
1.8732	42300.0
1.8745	42300.0
1.876	42300.0
1.877	42300.0
1.8783	42300.0
1.8797	42300.0
1.8808	42300.0
1.8822	42400.0
1.8832	42400.0
1.8845	42400.0
1.8858	42400.0
1.887	42400.0
1.8882	42400.0
1.8895	42400.0
1.8907	42400.0
1.892	42400.0
1.8932	42500.0
1.8945	42500.0
1.8958	42500.0
1.897	42500.0
1.8983	42500.0
1.8995	42500.0
1.9008	42500.0
1.902	42500.0
1.9032	42500.0
1.9045	42500.0
1.9063	42600.0
1.9073	42600.0
1.9082	42600.0
1.9092	42600.0
1.9108	42600.0
1.912	42600.0
1.9133	42600.0
1.9145	42600.0
1.9157	42600.0
1.917	42600.0
1.9183	42600.0
1.9195	42600.0
1.9205	42600.0
1.9217	42700.0
1.9232	42700.0
1.9243	42700.0
1.9258	42700.0
1.9267	42700.0
1.928	42700.0
1.9295	42700.0
1.931	42700.0
1.932	42700.0
1.933	42700.0
1.9342	42800.0
1.9357	42800.0
1.9368	42800.0
1.9382	42800.0
1.9392	42800.0
1.9405	42800.0
1.9418	42800.0
1.943	42800.0
1.9442	42800.0
1.9455	42800.0
1.9468	42900.0
1.948	42900.0
1.9492	42900.0
1.9505	42900.0
1.9518	42900.0
1.953	42900.0
1.9543	42900.0
1.9555	42900.0
1.9567	42900.0
1.958	42900.0
1.9593	43000.0
1.9608	43000.0
1.9617	43000.0
1.9633	43000.0
1.9642	43000.0
1.9653	43000.0
1.9668	43000.0
1.968	43000.0
1.9693	43000.0
1.9702	43000.0
1.9717	43000.0
1.973	43100.0
1.9742	43100.0
1.9755	43100.0
1.9767	43100.0
1.978	43100.0
1.9792	43100.0
1.9825	43100.0
1.9832	43100.0
1.984	43200.0
1.985	43200.0
1.9857	43200.0
1.9865	43200.0
1.9877	43200.0
1.9888	43200.0
1.99	43200.0
1.9915	43200.0
1.9925	43200.0
1.9942	43200.0
1.995	43200.0
1.9962	43200.0
1.998	43200.0
1.999	43200.0
2.0005	43200.0
2.0015	43300.0
2.0027	43300.0
2.0043	43300.0
2.0052	43300.0
2.0067	43300.0
2.0077	43300.0
2.009	43300.0
2.0105	43300.0
2.0112	43300.0
2.0127	43300.0
2.0137	43400.0
2.015	43400.0
2.0165	43400.0
2.0175	43400.0
2.0192	43400.0
2.02	43400.0
2.0213	43400.0
2.023	43400.0
2.0237	43400.0
2.0252	43400.0
2.0263	43400.0
2.0275	43400.0
2.0293	43500.0
2.031	43500.0
2.032	43500.0
2.0327	43500.0
2.0338	43500.0
2.0352	43500.0
2.0362	43500.0
2.0378	43500.0
2.0388	43500.0
2.04	43500.0
2.0412	43600.0
2.0425	43600.0
2.0437	43600.0
2.045	43600.0
2.0462	43600.0
2.0477	43600.0
2.0488	43600.0
2.0502	43600.0
2.0513	43600.0
2.0525	43600.0
2.054	43600.0
2.055	43600.0
2.0565	43700.0
2.0575	43700.0
2.0587	43700.0
2.0603	43700.0
2.0612	43700.0
2.0627	43700.0
2.0638	43700.0
2.065	43700.0
2.0665	43700.0
2.0675	43700.0
2.069	43700.0
2.07	43700.0
2.0713	43800.0
2.0728	43800.0
2.0737	43800.0
2.0752	43800.0
2.0762	43800.0
2.0775	43800.0
2.079	43800.0
2.0827	43800.0
2.0838	43800.0
2.0843	43800.0
2.0853	43800.0
2.086	43800.0
2.0867	43800.0
2.0875	43800.0
2.0888	43900.0
2.09	43900.0
2.0912	43900.0
2.0925	43900.0
2.094	43900.0
2.095	43900.0
2.0963	43900.0
2.0977	43900.0
2.0987	43900.0
2.1003	43900.0
2.1013	43900.0
2.1025	44000.0
2.104	44000.0
2.1068	44000.0
2.1075	44000.0
2.1082	44000.0
2.109	44000.0
2.1102	44000.0
2.1113	44000.0
2.1125	44000.0
2.1135	44000.0
2.1147	44000.0
2.1162	44000.0
2.1172	44000.0
2.119	44100.0
2.12	44100.0
2.1212	44100.0
2.1228	44100.0
2.1235	44100.0
2.1252	44100.0
2.1263	44100.0
2.1275	44100.0
2.129	44100.0
2.13	44100.0
2.1312	44100.0
2.1325	44200.0
2.1335	44200.0
2.135	44200.0
2.1362	44200.0
2.1377	44200.0
2.139	44200.0
2.1403	44200.0
2.1415	44200.0
2.1425	44200.0
2.144	44200.0
2.145	44200.0
2.1463	44200.0
2.1475	44200.0
2.1485	44300.0
2.1502	44300.0
2.1513	44300.0
2.1525	44300.0
2.154	44300.0
2.1565	44300.0
2.1573	44300.0
2.1582	44300.0
2.159	44300.0
2.16	44300.0
2.161	44300.0
2.1625	44300.0
2.1635	44300.0
2.1647	44400.0
2.1665	44400.0
2.1675	44400.0
2.1687	44400.0
2.17	44400.0
2.1712	44400.0
2.1725	44400.0
2.1735	44400.0
2.175	44400.0
2.176	44400.0
2.1772	44400.0
2.1787	44400.0
2.1805	44400.0
2.1812	44400.0
2.1823	44400.0
2.1835	44500.0
2.1853	44500.0
2.1862	44500.0
2.1877	44500.0
2.1888	44500.0
2.19	44500.0
2.1913	44500.0
2.1922	44500.0
2.1937	44500.0
2.1947	44500.0
2.196	44500.0
2.1975	44500.0
2.1987	44500.0
2.2	44600.0
2.2012	44600.0
2.2023	44600.0
2.2038	44600.0
2.2047	44600.0
2.206	44600.0
2.2072	44600.0
2.2085	44600.0
2.21	44600.0
2.2112	44600.0
2.2125	44600.0
2.2138	44600.0
2.215	44600.0
2.2162	44700.0
2.2172	44700.0
2.2188	44700.0
2.2198	44700.0
2.221	44700.0
2.2227	44700.0
2.2237	44700.0
2.225	44700.0
2.2263	44700.0
2.2275	44700.0
2.2287	44700.0
2.23	44700.0
2.2312	44700.0
2.2325	44800.0
2.2337	44800.0
2.2352	44800.0
2.2365	44800.0
2.238	44800.0
2.239	44800.0
2.2402	44800.0
2.2415	44800.0
2.2428	44800.0
2.244	44800.0
2.2452	44800.0
2.2465	44800.0
2.2482	44800.0
2.2493	44800.0
2.2505	44900.0
2.2517	44900.0
2.253	44900.0
2.2543	44900.0
2.2555	44900.0
2.2567	44900.0
2.258	44900.0
2.2592	44900.0
2.2608	44900.0
2.262	44900.0
2.2635	44900.0
2.2645	44900.0
2.2657	44900.0
2.2672	45000.0
2.2682	45000.0
2.2695	45000.0
2.2708	45000.0
2.272	45000.0
2.2735	45000.0
2.2747	45000.0
2.276	45000.0
2.2773	45000.0
2.2785	45000.0
2.2797	45000.0
2.2813	45000.0
2.2825	45000.0
2.2838	45000.0
2.285	45000.0
2.2865	45000.0
2.2878	45000.0
2.2892	45000.0
2.29	45100.0
2.2915	45100.0
2.293	45100.0
2.294	45100.0
2.2955	45100.0
2.2965	45100.0
2.2977	45100.0
2.2993	45100.0
2.3002	45100.0
2.3015	45100.0
2.3027	45100.0
2.304	45100.0
2.3053	45100.0
2.3065	45100.0
2.308	45200.0
2.3092	45200.0
2.3105	45200.0
2.3118	45200.0
2.313	45200.0
2.3145	45200.0
2.3155	45200.0
2.3168	45200.0
2.3183	45200.0
2.3192	45200.0
2.3207	45200.0
2.322	45200.0
2.323	45200.0
2.3245	45200.0
2.3255	45200.0
2.327	45300.0
2.3282	45300.0
2.3295	45300.0
2.331	45300.0
2.332	45300.0
2.3335	45300.0
2.3345	45300.0
2.336	45300.0
2.3372	45300.0
2.3385	45300.0
2.3398	45300.0
2.341	45300.0
2.3422	45300.0
2.3438	45300.0
2.3448	45300.0
2.3463	45400.0
2.3472	45400.0
2.3485	45400.0
2.35	45400.0
2.3513	45400.0
2.3528	45400.0
2.3537	45400.0
2.3553	45400.0
2.3565	45400.0
2.3582	45400.0
2.3592	45400.0
2.3602	45400.0
2.3615	45400.0
2.363	45400.0
2.364	45400.0
2.3655	45500.0
2.3665	45500.0
2.368	45500.0
2.3692	45500.0
2.3702	45500.0
2.3717	45500.0
2.373	45500.0
2.3743	45500.0
2.3755	45500.0
2.3767	45500.0
2.3783	45500.0
2.3793	45500.0
2.3805	45500.0
2.382	45500.0
2.3832	45500.0
2.3845	45500.0
2.3858	45600.0
2.387	45600.0
2.3885	45600.0
2.3898	45600.0
2.391	45600.0
2.3922	45600.0
2.3935	45600.0
2.3947	45600.0
2.396	45600.0
2.3972	45600.0
2.3985	45600.0
2.3997	45600.0
2.4013	45600.0
2.4023	45600.0
2.4037	45600.0
2.405	45600.0
2.4063	45600.0
2.4075	45600.0
2.4088	45600.0
2.4102	45600.0
2.4112	45600.0
2.4125	45600.0
2.414	45700.0
2.415	45700.0
2.4165	45700.0
2.4175	45700.0
2.4187	45700.0
2.4203	45700.0
2.4215	45700.0
2.423	45700.0
2.424	45700.0
2.4252	45700.0
2.4267	45700.0
2.428	45700.0
2.4293	45700.0
2.4305	45700.0
2.4317	45700.0
2.4332	45700.0
2.4342	45800.0
2.4355	45800.0
2.4368	45800.0
2.438	45800.0
2.4395	45800.0
2.4408	45800.0
2.442	45800.0
2.4433	45800.0
2.4445	45800.0
2.4457	45800.0
2.447	45800.0
2.4483	45800.0
2.4495	45800.0
2.4507	45800.0
2.4523	45800.0
2.4535	45800.0
2.4547	45800.0
2.456	45800.0
2.4572	45900.0
2.4588	45900.0
2.46	45900.0
2.4612	45900.0
2.4625	45900.0
2.4638	45900.0
2.465	45900.0
2.4662	45900.0
2.4675	45900.0
2.4688	45900.0
2.47	45900.0
2.4713	45900.0
2.4725	45900.0
2.4737	45900.0
2.4753	45900.0
2.4763	45900.0
2.4778	45900.0
2.4792	45900.0
2.4803	46000.0
2.4815	46000.0
2.483	46000.0
2.4842	46000.0
2.4852	46000.0
2.487	46000.0
2.488	46000.0
2.4892	46000.0
2.4907	46000.0
2.4918	46000.0
2.493	46000.0
2.4945	46000.0
2.4955	46000.0
2.497	46000.0
2.4985	46000.0
2.4995	46000.0
2.5007	46000.0
2.5022	46000.0
2.5033	46000.0
2.5045	46100.0
2.5062	46100.0
2.5072	46100.0
2.5082	46100.0
2.51	46100.0
2.511	46100.0
2.5123	46100.0
2.5137	46100.0
2.5148	46100.0
2.516	46100.0
2.5175	46100.0
2.5185	46100.0
2.52	46100.0
2.5215	46100.0
2.5225	46100.0
2.5237	46100.0
2.5252	46100.0
2.5263	46100.0
2.5275	46100.0
2.5293	46100.0
2.5302	46100.0
2.5313	46200.0
2.533	46200.0
2.534	46200.0
2.5352	46200.0
2.5367	46200.0
2.5378	46200.0
2.539	46200.0
2.5405	46200.0
2.5415	46200.0
2.543	46200.0
2.5445	46200.0
2.5455	46200.0
2.5467	46200.0
2.5482	46200.0
2.5493	46200.0
2.5505	46200.0
2.5522	46200.0
2.5532	46200.0
2.5545	46200.0
2.556	46200.0
2.557	46200.0
2.5582	46200.0
2.5598	46200.0
2.5607	46200.0
2.5622	46200.0
2.5638	46200.0
2.5647	46200.0
2.566	46200.0
2.5675	46200.0
2.5685	46200.0
2.57	46200.0
2.5715	46200.0
2.5725	46300.0
2.5737	46300.0
2.5752	46300.0
2.5762	46300.0
2.5775	46300.0
2.579	46300.0
2.58	46300.0
2.5812	46300.0
2.583	46300.0
2.5838	46300.0
2.585	46300.0
2.5865	46300.0
2.5875	46300.0
2.589	46300.0
2.5905	46300.0
2.5915	46300.0
2.5927	46200.0
2.5943	46200.0
2.5955	46200.0
2.5967	46200.0
2.5983	46200.0
2.5992	46200.0
2.6005	46200.0
2.6022	46200.0
2.6035	46200.0
2.605	46100.0
2.606	46100.0
2.6073	46100.0
2.6087	46000.0
2.61	45900.0
2.6115	45900.0
2.6127	45800.0
2.6168	45300.0
2.618	44900.0
2.6195	44200.0
2.6212	44200.0
2.6223	42700.0
2.6235	41000.0
2.625	40300.0
2.6265	40000.0
2.6283	39600.0
2.6297	39200.0
2.678	38700.0
2.6715	31200.0
2.673	400.0
2.673	100.0
2.6748	0.0
2.6758	0.0
2.6772	0.0
2.6782	0.0
2.679	0.0
2.68	0.0
2.6805	0.0
2.6815	0.0
2.6817	0.0
2.6823	0.0
2.6823	0.0
2.6827	0.0
2.6827	0.0
2.683	0.0
2.683	0.0
2.683	0.0
2.683	0.0
2.683	0.0
2.6832	0.0
0.0	0.0
0.0	0.0
0.0	100.0
0.0	0.0
0.0	0.0
0.0	0.0
0.0	0.0
0.0	0.0
0.0002	0.0
0.0002	0.0
0.0002	0.0
0.0002	0.0
0.0002	0.0
0.0002	0.0
0.0002	0.0
0.0002	0.0
0.0002	0.0
0.0002	0.0
0.0002	0.0
0.0002	0.0
0.0005	0.0
0.0005	0.0
0.0005	0.0
0.0005	0.0
0.0005	0.0
0.0005	0.0
0.0005	0.0
0.0005	0.0
0.0005	0.0
0.0005	0.0
0.0005	0.0
0.0005	0.0
0.0005	0.0
0.0005	0.0
0.0005	0.0
0.0005	0.0
0.0005	0.0
0.0005	0.0
0.0005	0.0
0.0005	0.0
0.0005	0.0
0.0005	0.0
0.0005	0.0
0.0007	0.0
0.0007	0.0
0.0007	0.0
0.0007	0.0
0.0007	0.0
0.0007	0.0
0.0007	0.0
0.0007	0.0
0.0007	0.0
0.0007	0.0
0.0007	0.0
0.0007	0.0
0.0007	0.0
0.0007	0.0
0.0007	0.0
0.0007	0.0
0.0007	0.0
0.0007	0.0
0.0007	0.0
0.0007	0.0
0.0007	0.0
0.0007	0.0
0.0007	0.0
0.0007	0.0
0.0007	0.0
0.0007	0.0
0.0007	0.0
0.0007	0.0
0.0007	0.0
0.0007	0.0
0.0007	0.0
0.0007	0.0
0.0007	0.0
0.0007	0.0
0.0007	0.0
0.0007	0.0
0.0007	0.0
0.0007	0.0
0.0007	0.0
0.0007	0.0
0.0007	0.0
0.0007	0.0
0.0007	0.0
0.0007	0.0
0.0007	0.0
0.0007	0.0
0.0007	0.0
0.0007	0.0
0.0007	0.0
0.0007	0.0
0.0007	0.0
0.0007	0.0
0.0007	0.0
0.0007	0.0
0.0007	0.0
0.0007	0.0
0.0007	0.0
0.0007	0.0
0.0007	0.0
0.0007	0.0
0.0007	0.0
0.0007	0.0
0.0007	0.0
0.0007	0.0
0.0007	0.0
0.0007	0.0
0.0007	0.0
0.0007	0.0
0.0007	0.0
0.0007	0.0
0.0007	0.0
0.0007	0.0
0.0007	0.0
0.0007	0.0
0.0007	0.0
0.0007	0.0
0.0007	0.0
0.0007	0.0
0.0007	0.0
0.0007	0.0
0.0007	0.0
0.0007	0.0
0.0007	0.0
0.0007	0.0
0.0007	0.0
0.0007	0.0
0.0007	0.0
0.0007	0.0
0.0007	0.0
0.0007	0.0
0.0007	0.0
0.0007	0.0
0.0007	0.0
0.0007	0.0
0.0007	0.0
0.0007	0.0
0.0007	0.0
0.0007	0.0
0.0007	0.0
0.0007	0.0
0.0007	0.0
0.0007	0.0
0.0007	0.0
0.0007	0.0
0.0007	0.0
0.0007	0.0
0.0007	0.0
0.0007	0.0
0.0007	0.0
0.0007	0.0
0.0007	0.0
0.0007	0.0
0.0007	0.0
0.0005	0.0
0.0005	0.0
0.0005	0.0
0.0005	0.0
0.0005	0.0
0.0005	0.0
0.0005	0.0
0.0005	0.0
0.0005	0.0
0.0005	0.0
0.0005	0.0
0.0005	0.0
0.0005	0.0
0.0005	0.0
0.0005	0.0
0.0005	0.0
0.0005	0.0
0.0005	0.0
0.0005	0.0
0.0005	0.0
0.0005	0.0
0.0005	0.0
0.0005	0.0
0.0005	0.0
0.0005	0.0
0.0005	0.0
0.0005	0.0
0.0005	0.0
0.0005	0.0
0.0005	0.0
0.0005	0.0
0.0005	0.0
0.0005	0.0
0.0005	0.0
0.0005	0.0
0.0005	0.0
0.0005	0.0
0.0005	0.0
0.0005	0.0
0.0005	0.0
0.0005	0.0
0.0005	0.0
0.0005	0.0
0.0005	0.0
0.0005	0.0
0.0002	0.0
0.0002	0.0
0.0002	0.0
0.0002	0.0
0.0002	0.0
0.0002	0.0
0.0002	0.0
0.0002	0.0
0.0002	0.0
0.0002	0.0
0.0002	0.0
0.0002	0.0
0.0002	0.0
0.0002	0.0
0.0002	0.0
0.0002	0.0
0.0002	0.0
0.0002	0.0
0.0002	0.0
0.0002	0.0
0.0002	0.0
0.0002	0.0
0.0002	0.0
0.0002	0.0
0.0002	0.0
0.0002	0.0
0.0002	0.0
0.0002	0.0
0.0002	0.0
0.0002	0.0
0.0002	0.0
0.0002	0.0
0.0002	0.0
0.0002	0.0
0.0002	0.0
0.0002	0.0
0.0002	0.0
0.0002	0.0
0.0002	0.0
0.0002	0.0
0.0002	0.0
0.0002	0.0
0.0002	0.0
0.0002	0.0
0.0002	0.0
0.0002	0.0
0.0002	0.0
0.0	0.0
0.0	0.0
0.0	0.0
0.0	0.0
0.0	0.0
0.0	0.0
0.0	0.0
0.0	0.0
0.0	0.0
0.0	0.0
0.0	0.0
0.0	0.0
0.0	0.0
0.0	0.0
0.0	0.0
0.0	0.0
0.0	0.0
0.0	0.0
0.0	0.0
0.0	0.0
0.0	0.0
0.0	0.0
0.0	0.0
0.0	0.0
0.0	0.0
0.0	0.0
0.0	0.0
0.0	0.0
0.0	0.0
0.0	0.0
0.0	0.0
0.0	0.0
0.0	0.0
0.0	0.0
0.0	0.0
0.0	0.0
0.0	0.0
0.0	0.0
0.0	0.0
0.0	0.0
0.0	0.0
0.0	0.0
0.0	0.0
0.0	0.0
0.0	0.0
0.0	0.0
0.0	0.0
0.0	0.0
0.0	0.0
0.0	0.0
0.0	0.0
0.0	0.0
0.0	0.0
0.0	0.0
0.0	0.0
0.0	0.0
0.0	0.0
0.0	0.0
0.0	0.0
0.0	0.0
0.0	0.0
0.0	0.0
0.0	0.0
0.0	0.0
0.0	0.0
0.0	0.0
0.0	0.0
0.0	0.0
0.0	0.0
0.0	0.0
0.0	0.0
0.0	0.0
0.0	0.0
0.0	0.0
0.0	0.0
0.0	0.0
0.0	0.0
0.0	0.0
0.0	0.0
0.0	0.0
-0.0002	0.0
-0.0002	0.0
-0.0002	0.0
-0.0002	0.0
-0.0002	0.0
-0.0002	0.0
-0.0002	0.0
-0.0002	0.0
-0.0002	0.0
-0.0002	0.0
-0.0002	0.0
-0.0002	0.0
-0.0002	0.0
-0.0002	0.0
-0.0002	0.0
-0.0002	0.0
-0.0002	0.0
-0.0002	0.0
-0.0002	0.0
-0.0002	0.0
-0.0002	0.0
-0.0002	0.0
-0.0002	0.0
-0.0002	0.0
-0.0002	0.0
-0.0002	0.0
-0.0002	0.0
-0.0002	0.0
-0.0002	0.0
-0.0002	0.0
-0.0002	0.0
-0.0002	0.0
-0.0002	0.0
-0.0002	0.0
-0.0002	0.0
-0.0002	0.0
-0.0002	0.0
-0.0002	0.0
-0.0002	0.0
-0.0002	0.0
-0.0002	0.0
-0.0002	0.0
-0.0002	0.0
-0.0002	0.0
-0.0002	0.0
-0.0005	0.0
-0.0005	0.0
-0.0005	0.0
-0.0005	0.0
-0.0005	0.0
-0.0005	0.0
-0.0005	0.0
-0.0005	0.0
-0.0005	0.0
-0.0005	0.0
-0.0005	0.0
-0.0005	0.0
-0.0005	0.0
-0.0005	0.0
-0.0005	0.0
-0.0005	0.0
-0.0005	0.0
-0.0005	0.0
-0.0005	0.0
-0.0005	0.0
-0.0005	0.0
-0.0005	0.0
-0.0005	0.0
-0.0005	0.0
-0.0005	0.0
-0.0005	0.0
-0.0005	0.0
-0.0005	0.0
-0.0005	0.0
-0.0005	0.0
-0.0005	0.0
-0.0005	0.0
-0.0005	0.0
-0.0005	0.0
-0.0005	0.0
-0.0005	0.0
-0.0005	0.0
-0.0005	0.0
-0.0005	0.0
-0.0005	0.0
-0.0005	0.0
-0.0005	0.0
-0.0005	0.0
-0.0005	0.0
-0.0005	0.0
-0.0005	0.0
-0.0005	0.0
-0.0005	0.0
-0.0005	0.0
-0.0005	0.0
-0.0005	0.0
-0.0005	0.0
-0.0005	0.0
-0.0005	0.0
-0.0005	0.0
-0.0005	0.0
-0.0005	0.0
-0.0005	0.0
-0.0005	0.0
-0.0005	0.0
-0.0005	0.0
-0.0005	0.0
-0.0005	0.0
-0.0005	0.0
-0.0005	0.0
-0.0005	0.0
-0.0005	0.0
-0.0005	0.0
-0.0007	0.0
-0.0007	0.0
-0.0007	0.0
-0.0007	0.0
-0.0007	0.0
-0.0007	0.0
-0.0007	0.0
-0.0007	0.0
-0.0007	0.0
-0.0007	0.0
-0.0007	0.0
-0.0007	0.0
-0.0007	0.0
-0.0007	0.0
-0.0007	0.0
-0.0007	0.0
-0.0007	0.0
-0.0007	0.0
-0.0007	0.0
-0.0007	0.0
-0.0007	0.0
-0.0007	0.0
-0.0007	0.0
-0.0007	0.0
-0.0007	0.0
-0.0007	0.0
-0.0007	0.0
-0.0007	0.0
-0.0007	0.0
-0.0007	0.0
-0.0007	0.0
-0.0007	0.0
-0.0007	0.0
-0.0007	0.0
-0.0007	0.0
-0.0007	0.0
-0.0007	0.0
-0.0007	0.0
-0.0007	0.0
-0.0007	0.0
-0.0007	0.0
-0.0007	0.0
-0.0007	0.0
-0.0007	0.0
-0.0007	0.0
-0.0007	0.0
-0.0007	0.0
-0.0007	0.0
-0.0007	0.0
-0.0007	0.0
-0.0007	0.0
-0.0007	0.0
-0.0007	0.0
-0.0007	0.0
-0.0007	0.0
-0.0007	0.0
-0.0007	0.0
-0.0007	0.0
-0.0007	0.0
-0.0007	0.0
-0.0007	0.0
-0.0007	0.0
-0.0007	0.0
-0.0007	0.0
-0.0007	0.0
-0.0007	0.0
-0.0007	0.0
-0.0007	0.0
-0.0007	0.0
-0.0007	0.0
-0.0007	0.0
-0.0007	0.0
-0.0007	0.0
-0.0007	0.0
-0.0007	0.0
-0.0007	0.0
-0.0007	0.0
-0.0007	0.0
-0.0007	0.0
-0.0007	0.0
-0.0007	0.0
-0.0007	0.0
-0.0007	0.0
-0.0007	0.0
-0.0007	0.0
-0.0007	0.0
-0.0007	0.0
-0.0007	0.0
-0.0007	0.0
-0.0007	0.0
-0.0007	0.0
-0.0007	0.0
-0.0007	0.0
-0.0007	0.0
-0.0007	0.0
-0.0007	0.0
-0.0007	0.0
-0.0007	0.0
-0.0007	0.0
-0.0007	0.0
-0.0007	0.0
-0.0007	0.0
-0.0007	0.0
-0.0007	0.0
-0.0007	0.0
-0.0007	0.0
-0.0007	0.0
-0.0007	0.0
-0.0007	0.0
-0.0007	0.0
-0.001	0.0
-0.001	0.0
-0.001	0.0
-0.001	0.0
-0.001	0.0
-0.001	0.0
-0.001	0.0
-0.001	0.0
-0.001	0.0
-0.001	0.0
-0.001	0.0
-0.001	0.0
-0.001	0.0
-0.001	0.0
-0.001	0.0
-0.001	0.0
-0.001	0.0
-0.001	0.0
-0.001	0.0
-0.001	0.0
-0.001	0.0
-0.001	0.0
-0.001	0.0
-0.001	0.0
-0.001	0.0
-0.001	0.0
-0.001	0.0
-0.001	0.0
-0.001	0.0
-0.001	0.0
-0.001	0.0
-0.001	0.0
-0.0015	0.0
-0.002	0.0
-0.0025	0.0
-0.0032	0.0
-0.0047	0.0
-0.0075	0.0
-0.0105	0.0
-0.0155	0.0
-0.022	0.0
-0.0305	0.0
-0.0378	0.0
-0.064	0.0
-0.0758	0.0
-0.086	0.0
-0.0982	0.0
-0.1125	0.0
-0.1272	0.0
-0.142	0.0
-0.1567	0.0
-0.1705	0.0
-0.1883	0.0
-0.2053	0.0
-0.2258	0.0
-0.2505	0.0
-0.275	0.0
-0.2978	0.0
-0.3253	0.0
-0.3508	0.0
-0.376	0.0
-0.4015	0.0
-0.425	0.0
-0.4525	0.0
-0.4758	0.0
-0.4998	0.0
-0.523	0.0
-0.5462	0.0
-0.5718	0.0
-0.593	0.0
-0.6185	0.0
-0.6398	0.0
-0.6653	0.0
-0.6882	0.0
-0.7093	0.0
-0.7345	0.0
-0.7558	0.0
-0.779	0.0
-0.8045	0.0
-0.8278	0.0
-0.851	0.0
-0.872	0.0
-0.8975	0.0
-0.9207	0.0
-0.9445	0.0
-0.9653	0.0
-0.9907	0.0
-1.0115	0.0
-1.037	0.0
-1.058	0.0
-1.0815	0.0
-1.107	0.0
-1.128	0.0
-1.1532	0.0
-1.1745	0.0
-1.2	0.0
