1.0	0.0	0.5125
1.1	0.0	0.5123
1.2	0.0	0.5123
1.2	0.0	0.512
1.3	0.0	0.5123
1.3	0.0	0.5123
1.4	0.0	0.5123
1.4	0.0	0.512
1.5	0.0	0.512
1.6	0.0	0.5123
1.6	0.0	0.5123
1.7	0.0	0.5123
1.7	0.0	0.512
1.8	0.0	0.512
1.9	0.0	0.512
1.9	0.0	0.5123
2.0	0.0	0.512
2.1	0.0	0.512
2.1	0.0	0.512
2.2	0.0	0.5123
2.2	0.0	0.5125
2.3	0.0	0.5123
2.3	0.0	0.5123
2.4	0.0	0.5125
2.5	0.0	0.5123
2.6	0.0	0.5123
2.7	0.0	0.5123
2.8	0.0	0.512
2.9	0.0	0.512
3.0	0.0	0.5123
3.1	0.0	0.5123
3.2	0.0	0.512
3.3	0.0	0.512
3.4	0.0	0.512
3.5	0.0	0.512
3.6	0.0	0.512
3.7	0.0	0.512
3.8	0.0	0.512
3.9	0.0	0.5123
4.0	0.0	0.5123
4.1	0.0	0.5123
4.2	0.0	0.5123
4.3	0.0	0.512
4.4	0.0	0.512
4.5	0.0	0.512
4.6	0.0	0.512
4.7	0.0	0.512
4.8	0.0	0.5123
4.9	0.0	0.5123
5.0	0.0	0.5123
5.1	0.0	0.5123
5.2	0.0	0.5123
5.3	0.0	0.5123
5.4	0.0	0.5123
5.5	0.0	0.5123
5.6	0.0	0.5123
5.7	0.0	0.5125
5.8	0.0	0.5128
5.9	0.0	0.5128
6.0	0.0	0.5128
6.1	0.0	0.5128
6.2	0.0	0.5128
6.3	0.0	0.5128
6.4	0.0	0.513
6.5	0.0	0.513
6.6	0.0	0.5135
6.7	0.0	0.5138
6.8	0.0	0.514
6.9	0.0	0.5143
7.0	0.0	0.5143
7.1	0.0	0.5145
7.2	0.0	0.5148
7.3	0.0	0.515
7.4	0.0	0.5153
7.5	0.0	0.516
7.6	0.0	0.5163
7.7	0.0	0.5165
7.8	0.0	0.5168
7.9	100.0	0.517
8.0	0.0	0.5173
8.1	0.0	0.5178
8.2	0.0	0.518
8.3	0.0	0.5185
8.4	0.0	0.5193
8.5	0.0	0.5195
8.6	100.0	0.52
8.7	100.0	0.5203
8.8	100.0	0.5205
8.9	100.0	0.521
9.0	100.0	0.5215
9.1	100.0	0.5218
9.2	100.0	0.5223
9.3	200.0	0.5233
9.4	200.0	0.5238
9.5	300.0	0.5245
9.6	300.0	0.525
9.7	300.0	0.5258
9.8	300.0	0.526
9.9	300.0	0.5268
10.0	400.0	0.5275
10.1	400.0	0.5283
10.2	400.0	0.529
10.3	400.0	0.53
10.4	400.0	0.5308
10.5	400.0	0.5318
10.6	400.0	0.5325
10.7	400.0	0.533
10.8	400.0	0.534
10.9	500.0	0.535
11.0	500.0	0.5358
11.1	500.0	0.5368
11.2	500.0	0.538
11.3	500.0	0.5388
11.4	600.0	0.5398
11.5	600.0	0.5405
11.6	600.0	0.5413
11.7	600.0	0.5423
11.8	700.0	0.543
11.9	700.0	0.544
12.0	700.0	0.545
12.1	700.0	0.546
12.2	700.0	0.5468
12.3	800.0	0.5478
12.4	800.0	0.5485
12.5	800.0	0.5493
12.6	800.0	0.5503
12.7	800.0	0.5513
12.8	800.0	0.5523
12.9	800.0	0.5531
13.0	800.0	0.5538
13.1	800.0	0.5548
13.2	900.0	0.5556
13.3	900.0	0.5563
13.4	900.0	0.5571
13.5	900.0	0.5581
13.6	1000.0	0.5588
13.7	1000.0	0.5598
13.8	1000.0	0.5606
13.9	1000.0	0.5613
14.0	1000.0	0.5623
14.1	1100.0	0.5631
14.2	1100.0	0.5641
14.3	1100.0	0.5648
14.4	1100.0	0.5656
14.5	1100.0	0.5666
14.6	1200.0	0.5673
14.7	1200.0	0.5681
14.8	1200.0	0.5691
14.9	1200.0	0.5698
15.0	1200.0	0.5706
15.1	1200.0	0.5713
15.2	1200.0	0.5723
15.3	1200.0	0.5733
15.4	1300.0	0.5741
15.5	1300.0	0.5751
15.6	1300.0	0.5758
15.7	1300.0	0.5766
15.8	1300.0	0.5773
15.9	1400.0	0.5783
16.0	1400.0	0.5791
16.1	1400.0	0.5801
16.2	1400.0	0.5811
16.3	1500.0	0.5818
16.4	1500.0	0.5826
16.5	1500.0	0.5836
16.6	1500.0	0.5843
16.7	1500.0	0.5851
16.8	1500.0	0.5861
16.9	1600.0	0.5868
17.0	1600.0	0.5876
17.1	1600.0	0.5886
17.2	1600.0	0.5893
17.3	1600.0	0.5901
17.4	1600.0	0.5908
17.5	1600.0	0.5918
17.6	1600.0	0.5926
17.7	1700.0	0.5936
17.8	1600.0	0.5943
17.9	1700.0	0.5953
18.0	1700.0	0.5961
18.1	1700.0	0.5971
18.2	1700.0	0.5978
18.3	1800.0	0.5983
18.4	1800.0	0.5993
18.5	1800.0	0.6001
18.6	1800.0	0.6009
18.7	1900.0	0.6016
18.8	1900.0	0.6026
18.9	1900.0	0.6036
19.0	1900.0	0.6044
19.1	1900.0	0.6051
19.2	1900.0	0.6061
19.3	2000.0	0.6069
19.4	2000.0	0.6076
19.5	2000.0	0.6086
19.6	2000.0	0.6094
19.7	2000.0	0.6104
19.8	2000.0	0.6114
19.9	2000.0	0.6121
20.0	2000.0	0.6129
20.1	2000.0	0.6136
20.2	2000.0	0.6146
20.3	2100.0	0.6154
20.4	2100.0	0.6161
20.5	2100.0	0.6171
20.6	2100.0	0.6179
20.7	2200.0	0.6186
20.8	2200.0	0.6196
20.9	2200.0	0.6204
21.0	2200.0	0.6211
21.1	2200.0	0.6219
21.2	2300.0	0.6229
21.3	2300.0	0.6236
21.4	2300.0	0.6246
21.5	2300.0	0.6254
21.6	2300.0	0.6264
21.7	2400.0	0.6271
21.8	2400.0	0.6279
21.9	2400.0	0.6286
22.0	2400.0	0.6294
22.1	2400.0	0.6301
22.2	2400.0	0.6311
22.3	2400.0	0.6321
22.4	2400.0	0.6331
22.5	2400.0	0.6341
22.6	2400.0	0.6349
22.7	2400.0	0.6359
22.8	2500.0	0.6366
22.9	2500.0	0.6371
23.0	2500.0	0.6379
23.1	2500.0	0.6389
23.2	2500.0	0.6396
23.3	2500.0	0.6409
23.4	2600.0	0.6416
23.5	2600.0	0.6426
23.6	2600.0	0.6434
23.7	2600.0	0.6444
23.8	2600.0	0.6451
23.9	2700.0	0.6456
24.0	2700.0	0.6464
24.1	2700.0	0.6471
24.2	2700.0	0.6481
24.3	2700.0	0.6494
24.4	2700.0	0.6504
24.5	2700.0	0.6512
24.6	2800.0	0.6519
24.7	2800.0	0.6529
24.8	2800.0	0.6534
24.9	2800.0	0.6542
25.0	2800.0	0.6549
25.1	2800.0	0.6559
25.2	2800.0	0.6567
25.3	2800.0	0.6579
25.4	2800.0	0.6589
25.5	2800.0	0.6597
25.6	2800.0	0.6604
25.7	2800.0	0.6612
25.8	2800.0	0.6617
25.9	2900.0	0.6627
26.0	2900.0	0.6634
26.1	2900.0	0.6644
26.2	2900.0	0.6657
26.3	2900.0	0.6664
26.4	2900.0	0.6674
26.5	2900.0	0.6682
26.6	3000.0	0.6692
26.7	3000.0	0.6697
26.8	3000.0	0.6704
26.9	3000.0	0.6712
27.0	3000.0	0.6719
27.1	3000.0	0.6729
27.2	3000.0	0.6742
27.3	3100.0	0.6749
27.4	3000.0	0.6759
27.5	3100.0	0.6767
27.6	3100.0	0.6777
27.7	3100.0	0.6779
27.8	3100.0	0.6789
27.9	3100.0	0.6797
28.0	3100.0	0.6807
28.1	3100.0	0.6814
28.2	3100.0	0.6827
28.3	3200.0	0.6834
28.4	3200.0	0.6844
28.5	3200.0	0.6852
28.6	3200.0	0.6857
28.7	3200.0	0.6864
28.8	3200.0	0.6874
28.9	3200.0	0.6882
29.0	3200.0	0.6892
29.1	3200.0	0.6904
29.2	3200.0	0.6912
29.3	3200.0	0.6919
29.4	3300.0	0.6927
29.5	3300.0	0.6937
29.6	3400.0	0.6947
29.7	3400.0	0.6952
29.8	3500.0	0.6959
29.9	3500.0	0.6969
30.0	3600.0	0.6977
30.1	3600.0	0.6987
30.2	3700.0	0.6992
30.3	3700.0	0.7002
30.4	3800.0	0.701
30.5	3800.0	0.7017
30.6	3900.0	0.7025
30.7	3900.0	0.7035
30.8	4000.0	0.7045
30.9	4000.0	0.7052
31.0	4000.0	0.706
31.1	4100.0	0.707
31.2	4200.0	0.7075
31.3	4200.0	0.7085
31.4	4300.0	0.7092
31.5	4300.0	0.71
31.6	4400.0	0.711
31.7	4400.0	0.7117
31.8	4400.0	0.7125
31.9	4500.0	0.7132
32.0	4600.0	0.714
32.1	4700.0	0.7147
32.2	4800.0	0.7157
32.3	4800.0	0.7165
32.4	4900.0	0.7172
32.5	5100.0	0.7182
32.6	5200.0	0.719
32.7	5300.0	0.7197
32.8	5400.0	0.7205
32.9	5500.0	0.7212
33.0	5600.0	0.722
33.1	5700.0	0.7227
33.2	5900.0	0.7235
33.3	6000.0	0.7242
33.4	6100.0	0.725
33.5	6200.0	0.7257
33.6	6400.0	0.7265
33.7	6400.0	0.7272
33.8	6600.0	0.728
33.9	6700.0	0.7287
34.0	6800.0	0.7295
34.1	6900.0	0.7302
34.2	7100.0	0.731
34.3	7200.0	0.7317
34.4	7300.0	0.7327
34.5	7300.0	0.7335
34.6	7400.0	0.7342
34.7	7600.0	0.735
34.8	7700.0	0.736
34.9	7900.0	0.7367
35.0	8000.0	0.7375
35.1	8200.0	0.7385
35.2	8300.0	0.7392
35.3	8400.0	0.74
35.4	8500.0	0.7407
35.5	8800.0	0.7415
35.6	8800.0	0.7425
35.7	9000.0	0.7432
35.8	9200.0	0.744
35.9	9300.0	0.745
36.0	9500.0	0.7457
36.1	9600.0	0.7467
36.2	9800.0	0.7475
36.3	10000.0	0.7482
36.4	10100.0	0.749
36.5	10300.0	0.75
36.6	10400.0	0.7507
36.7	10600.0	0.7515
36.8	10800.0	0.7525
36.9	10900.0	0.7533
37.0	11100.0	0.754
37.1	11200.0	0.755
37.2	11400.0	0.7558
37.3	11600.0	0.7568
37.4	11700.0	0.7575
37.5	11900.0	0.7583
37.6	12000.0	0.759
37.7	12200.0	0.7598
37.8	12400.0	0.7605
37.9	12500.0	0.7615
38.0	12700.0	0.7625
38.1	12800.0	0.7635
38.2	13000.0	0.7643
38.3	13200.0	0.7653
38.4	13300.0	0.766
38.5	13500.0	0.767
38.6	13600.0	0.7678
38.7	13900.0	0.7685
38.8	14000.0	0.7693
38.9	14200.0	0.7703
39.0	14400.0	0.771
39.1	14500.0	0.772
39.2	14700.0	0.7728
39.3	14800.0	0.7735
39.4	15000.0	0.7745
39.5	15200.0	0.7753
39.6	15300.0	0.7763
39.7	15500.0	0.777
39.8	15700.0	0.7778
39.9	15900.0	0.7788
40.0	16000.0	0.7795
40.1	16200.0	0.7803
40.2	16500.0	0.7808
40.3	16500.0	0.7818
40.4	16700.0	0.7825
40.5	16800.0	0.7835
40.6	17100.0	0.7843
40.7	17200.0	0.785
40.8	17400.0	0.7858
40.9	17600.0	0.7868
41.0	17700.0	0.7875
41.1	18000.0	0.7885
41.2	18100.0	0.7893
41.3	18300.0	0.7903
41.4	18400.0	0.7913
41.5	18700.0	0.792
41.6	18800.0	0.7928
41.7	19000.0	0.7938
41.8	19200.0	0.7945
41.9	19400.0	0.7953
42.0	19600.0	0.7963
42.1	19700.0	0.797
42.2	20000.0	0.7978
42.3	20100.0	0.7988
42.4	20300.0	0.7995
42.5	20500.0	0.8003
42.6	20700.0	0.8011
42.7	20800.0	0.8021
42.8	21100.0	0.8028
42.9	21400.0	0.8038
43.0	21400.0	0.8043
43.1	21600.0	0.8051
43.2	22000.0	0.8063
43.3	22000.0	0.8068
43.4	22400.0	0.8078
43.5	22500.0	0.8083
43.6	22700.0	0.8091
43.7	22900.0	0.8101
43.8	23100.0	0.8111
43.9	23200.0	0.8116
44.0	23400.0	0.8128
44.1	23600.0	0.8136
44.2	23800.0	0.8148
44.3	24000.0	0.8151
44.4	24100.0	0.8163
44.5	24300.0	0.8168
44.6	24500.0	0.8176
44.7	24800.0	0.8186
44.8	25000.0	0.8193
44.9	25200.0	0.8201
45.0	25400.0	0.8211
45.0	25600.0	0.8221
45.2	25700.0	0.8231
45.3	25900.0	0.8236
45.4	26100.0	0.8248
45.5	26300.0	0.8253
45.6	26400.0	0.8261
45.7	26800.0	0.8271
45.8	27000.0	0.8278
45.9	27200.0	0.8286
46.0	27400.0	0.8296
46.1	27600.0	0.8306
46.2	27800.0	0.8311
46.3	28000.0	0.8323
46.4	28200.0	0.8328
46.5	28400.0	0.8341
46.5	28600.0	0.8348
46.7	28800.0	0.8356
46.8	29000.0	0.8363
46.9	29200.0	0.8373
47.0	29400.0	0.8378
47.1	29600.0	0.8388
47.2	29700.0	0.8398
47.3	30000.0	0.8406
47.4	30100.0	0.8416
47.5	30400.0	0.8423
47.6	30500.0	0.8431
47.7	30800.0	0.8441
47.8	31000.0	0.8448
47.9	31200.0	0.8456
48.0	31400.0	0.8466
48.1	31600.0	0.8473
48.2	31800.0	0.8483
48.3	32000.0	0.8491
48.4	32200.0	0.8499
48.5	32400.0	0.8509
48.6	32800.0	0.8516
48.7	33000.0	0.8526
48.8	33200.0	0.8536
48.9	33400.0	0.8544
49.0	33600.0	0.8551
49.1	33800.0	0.8561
49.2	34000.0	0.8569
49.3	34200.0	0.8579
49.4	34400.0	0.8586
49.5	34600.0	0.8594
49.6	34800.0	0.8604
49.7	35100.0	0.8611
49.8	35200.0	0.8621
49.9	35400.0	0.8631
50.0	35600.0	0.8639
50.1	35800.0	0.8649
50.2	36000.0	0.8656
50.3	36200.0	0.8666
50.4	36400.0	0.8674
50.5	36600.0	0.8684
50.6	36800.0	0.8691
50.7	37100.0	0.8701
50.8	37200.0	0.8709
50.9	37500.0	0.8716
51.0	37700.0	0.8726
51.1	37900.0	0.8734
51.2	38100.0	0.8744
51.3	38300.0	0.8751
51.4	38500.0	0.8761
51.5	38800.0	0.8769
51.6	38900.0	0.8779
51.7	39200.0	0.8786
51.8	39300.0	0.8796
51.9	39600.0	0.8804
52.0	39800.0	0.8814
52.1	40000.0	0.8821
52.2	40200.0	0.8831
52.3	40400.0	0.8839
52.4	40600.0	0.8849
52.5	40800.0	0.8856
52.6	41000.0	0.8866
52.7	41200.0	0.8876
52.8	41400.0	0.8884
52.9	41600.0	0.8894
53.0	41800.0	0.8901
53.1	42000.0	0.8911
53.2	42300.0	0.8919
53.3	42400.0	0.8929
53.4	42700.0	0.8939
53.5	42800.0	0.8946
53.6	43100.0	0.8956
53.7	43200.0	0.8964
53.8	43500.0	0.8974
53.9	43600.0	0.8981
54.0	43900.0	0.8991
54.1	44000.0	0.8999
54.2	44300.0	0.9009
54.3	44400.0	0.9017
54.4	44700.0	0.9027
54.5	44800.0	0.9034
54.6	45000.0	0.9044
54.7	45200.0	0.9052
54.8	45400.0	0.9062
54.9	45600.0	0.9072
55.0	45800.0	0.9079
55.1	46000.0	0.9089
55.2	46200.0	0.9097
55.3	46400.0	0.9107
55.4	46600.0	0.9114
55.5	46800.0	0.9122
55.6	46900.0	0.9132
55.7	47200.0	0.9142
55.8	47300.0	0.9149
55.9	47500.0	0.9159
56.0	47600.0	0.9167
56.1	47900.0	0.9177
56.2	48000.0	0.9184
56.3	48200.0	0.9194
56.4	48400.0	0.9202
56.5	48600.0	0.9212
56.6	48800.0	0.9219
56.7	48900.0	0.9229
56.8	49200.0	0.9237
56.9	49300.0	0.9247
57.0	49500.0	0.9254
57.1	49600.0	0.9264
57.2	49800.0	0.9272
57.3	50000.0	0.9282
57.4	50200.0	0.9292
57.5	50400.0	0.9299
57.6	50500.0	0.9309
57.7	50700.0	0.9317
57.8	50800.0	0.9327
57.9	51000.0	0.9334
58.0	51200.0	0.9344
58.1	51300.0	0.9354
58.2	51500.0	0.9362
58.3	51600.0	0.9369
58.4	51800.0	0.9379
58.5	52000.0	0.9387
58.6	52100.0	0.9397
58.7	52300.0	0.9404
58.8	52400.0	0.9412
58.9	52600.0	0.9422
59.0	52700.0	0.9429
59.1	52800.0	0.9437
59.2	53000.0	0.9447
59.3	53200.0	0.9454
59.4	53300.0	0.9462
59.5	53400.0	0.9472
59.6	53600.0	0.9479
59.7	53700.0	0.9487
59.8	53900.0	0.9497
59.9	54000.0	0.9505
60.0	54100.0	0.9512
60.1	54300.0	0.9522
60.2	54400.0	0.953
60.3	54500.0	0.9537
60.4	54700.0	0.9547
60.5	54800.0	0.9555
60.6	54900.0	0.9565
60.7	55100.0	0.9572
60.8	55200.0	0.958
60.9	55300.0	0.959
61.0	55500.0	0.9597
61.1	55600.0	0.9605
61.2	55700.0	0.9615
61.3	55800.0	0.9622
61.4	56000.0	0.9632
61.5	56100.0	0.964
61.6	56200.0	0.9647
61.7	56400.0	0.9657
61.8	56400.0	0.9665
61.9	56600.0	0.9672
62.0	56800.0	0.9682
62.1	56800.0	0.969
62.2	56900.0	0.9697
62.3	57100.0	0.9707
62.4	57200.0	0.9715
62.5	57300.0	0.9725
62.6	57400.0	0.9732
62.7	57600.0	0.974
62.8	57600.0	0.975
62.9	57800.0	0.9757
63.0	57900.0	0.9765
63.1	58000.0	0.9775
63.2	58100.0	0.9782
63.3	58200.0	0.9792
63.4	58400.0	0.98
63.5	58400.0	0.9807
63.6	58500.0	0.9817
63.7	58700.0	0.9825
63.8	58800.0	0.9832
63.9	58800.0	0.9842
64.0	59000.0	0.985
64.1	59100.0	0.986
64.2	59200.0	0.9867
64.3	59300.0	0.9875
64.4	59400.0	0.9885
64.5	59500.0	0.9892
64.6	59600.0	0.9902
64.7	59700.0	0.991
64.8	59800.0	0.9917
64.9	60000.0	0.9927
65.0	60000.0	0.9935
65.1	60100.0	0.9945
65.2	60200.0	0.9952
65.3	60300.0	0.996
65.4	60400.0	0.997
65.5	60500.0	0.9977
65.6	60600.0	0.9985
65.7	60700.0	0.9995
65.8	60800.0	1.0002
65.9	60800.0	1.0013
66.0	61000.0	1.002
66.1	61100.0	1.003
66.2	61200.0	1.0038
66.3	61200.0	1.0045
66.4	61300.0	1.0053
66.5	61400.0	1.0063
66.6	61600.0	1.007
66.7	61600.0	1.0078
66.8	61700.0	1.0088
66.9	61800.0	1.0095
67.0	61900.0	1.0103
67.1	62000.0	1.011
67.2	62000.0	1.012
67.3	62100.0	1.0128
67.4	62200.0	1.0135
67.5	62300.0	1.0145
67.6	62400.0	1.0153
67.7	62400.0	1.0163
67.8	62500.0	1.017
67.9	62600.0	1.0178
68.0	62700.0	1.0188
68.1	62800.0	1.0195
68.2	62800.0	1.0203
68.3	62900.0	1.0213
68.4	63000.0	1.022
68.5	63100.0	1.023
68.6	63200.0	1.0238
68.7	63200.0	1.0245
68.8	63300.0	1.0255
68.9	63300.0	1.0263
69.0	63500.0	1.0273
69.1	63500.0	1.028
69.2	63600.0	1.0288
69.3	63600.0	1.0298
69.4	63700.0	1.0305
69.5	63800.0	1.0315
69.6	63900.0	1.0323
69.7	64000.0	1.033
69.8	64000.0	1.034
69.9	64000.0	1.0348
70.0	64100.0	1.0358
70.1	64200.0	1.0365
70.2	64300.0	1.0375
70.3	64400.0	1.0383
70.4	64400.0	1.0393
70.5	64500.0	1.04
70.6	64500.0	1.0408
70.7	64600.0	1.0418
70.8	64700.0	1.0425
70.9	64800.0	1.0435
71.0	64800.0	1.0443
71.1	64800.0	1.0453
71.2	64900.0	1.046
71.3	65000.0	1.047
71.4	65100.0	1.0478
71.5	65100.0	1.0488
71.6	65200.0	1.0495
71.7	65200.0	1.0506
71.8	65300.0	1.0513
71.9	65300.0	1.0521
72.0	65400.0	1.0531
72.1	65500.0	1.0538
72.2	65600.0	1.0548
72.3	65600.0	1.0556
72.4	65600.0	1.0566
72.5	65700.0	1.0573
72.6	65800.0	1.0581
72.7	65800.0	1.0591
72.8	65900.0	1.0598
72.9	66000.0	1.0608
73.0	66000.0	1.0616
73.1	66000.0	1.0623
73.2	66100.0	1.0633
73.3	66100.0	1.0641
73.4	66200.0	1.0651
73.5	66300.0	1.0658
73.6	66300.0	1.0666
73.7	66400.0	1.0676
73.8	66400.0	1.0683
73.9	66400.0	1.0691
74.0	66500.0	1.0701
74.1	66600.0	1.0708
74.2	66600.0	1.0716
74.3	66700.0	1.0726
74.4	66700.0	1.0733
74.5	66800.0	1.0741
74.6	66800.0	1.0751
74.7	66800.0	1.0758
74.8	66900.0	1.0768
74.9	66900.0	1.0776
75.0	67000.0	1.0783
75.1	67100.0	1.0791
75.2	67100.0	1.0798
75.3	67200.0	1.0808
75.4	67200.0	1.0813
75.5	67200.0	1.0821
75.6	67300.0	1.0831
75.7	67300.0	1.0838
75.8	67400.0	1.0848
75.9	67400.0	1.0856
76.0	67500.0	1.0866
76.1	67500.0	1.0873
76.2	67600.0	1.0881
76.3	67600.0	1.0891
76.4	67600.0	1.0898
76.5	67600.0	1.0908
76.6	67700.0	1.0916
76.7	67700.0	1.0923
76.8	67800.0	1.0933
76.9	67800.0	1.0941
77.0	67900.0	1.0948
77.1	67900.0	1.0958
77.2	68000.0	1.0966
77.3	68000.0	1.0973
77.4	68000.0	1.0983
77.5	68000.0	1.0991
77.6	68100.0	1.0999
77.7	68100.0	1.1009
77.8	68200.0	1.1016
77.9	68200.0	1.1026
78.0	68300.0	1.1034
78.1	68300.0	1.1041
78.2	68400.0	1.1051
78.3	68400.0	1.1059
78.4	68400.0	1.1069
78.5	68400.0	1.1076
78.6	68500.0	1.1084
78.7	68500.0	1.1094
78.8	68600.0	1.1101
78.9	68600.0	1.1109
79.0	68600.0	1.1119
79.1	68700.0	1.1126
79.2	68700.0	1.1134
79.3	68800.0	1.1144
79.4	68800.0	1.1151
79.5	68800.0	1.1161
79.6	68800.0	1.1169
79.7	68900.0	1.1179
79.8	68900.0	1.1186
79.9	68900.0	1.1196
80.0	69000.0	1.1204
80.1	69000.0	1.1211
80.2	69100.0	1.1221
80.3	69100.0	1.1231
80.4	69200.0	1.1236
80.5	69200.0	1.1246
80.6	69200.0	1.1256
80.7	69200.0	1.1264
80.8	69200.0	1.1274
80.9	69300.0	1.1281
81.0	69300.0	1.1289
81.1	69400.0	1.1299
81.2	69400.0	1.1306
81.3	69400.0	1.1314
81.4	69500.0	1.1324
81.5	69500.0	1.1334
81.6	69600.0	1.1341
81.7	69600.0	1.1349
81.8	69600.0	1.1359
81.9	69600.0	1.1366
82.0	69600.0	1.1376
82.1	69700.0	1.1384
82.2	69700.0	1.1394
82.3	69700.0	1.1399
82.4	69800.0	1.1406
82.5	69800.0	1.1414
82.6	69800.0	1.1421
82.7	69900.0	1.1429
82.8	69900.0	1.1439
82.9	70000.0	1.1446
83.0	70000.0	1.1456
83.1	70000.0	1.1464
83.2	70000.0	1.1474
83.3	70000.0	1.1481
83.4	70000.0	1.1491
83.5	70100.0	1.1499
83.6	70100.0	1.1514
83.7	70100.0	1.1522
83.8	70200.0	1.1532
83.9	70200.0	1.1537
84.0	70200.0	1.1547
84.1	70300.0	1.1557
84.2	70300.0	1.1562
84.3	70300.0	1.1572
84.4	70400.0	1.1579
84.5	70400.0	1.1587
84.6	70400.0	1.1597
84.7	70400.0	1.1604
84.8	70400.0	1.1612
84.9	70400.0	1.1622
85.0	70500.0	1.1632
85.1	70500.0	1.1637
85.2	70500.0	1.1647
85.3	70600.0	1.1654
85.4	70600.0	1.1662
85.5	70700.0	1.1672
85.6	70700.0	1.1679
85.7	70700.0	1.1689
85.8	70700.0	1.1697
85.9	70800.0	1.1704
86.0	70800.0	1.1714
86.1	70800.0	1.1722
86.2	70800.0	1.1732
86.3	70800.0	1.1742
86.4	70800.0	1.1749
86.5	70800.0	1.1759
86.6	70900.0	1.1767
86.7	70900.0	1.1777
86.8	70900.0	1.1784
86.9	71000.0	1.1794
87.0	71000.0	1.1802
87.1	71000.0	1.1809
87.2	71000.0	1.1819
87.3	71100.0	1.1827
87.4	71100.0	1.1837
87.5	71100.0	1.1844
87.6	71100.0	1.1854
87.7	71200.0	1.1862
87.8	71200.0	1.1872
87.9	71200.0	1.1879
88.0	71200.0	1.1889
88.1	71200.0	1.1897
88.2	71200.0	1.1904
88.3	71300.0	1.1914
88.4	71300.0	1.1922
88.5	71300.0	1.1932
88.6	71300.0	1.1939
88.7	71400.0	1.1949
88.8	71400.0	1.1957
88.9	71400.0	1.1964
89.0	71400.0	1.1974
89.1	71500.0	1.1982
89.2	71500.0	1.1992
89.3	71500.0	1.2
89.4	71600.0	1.2007
89.5	71600.0	1.2017
89.6	71600.0	1.2025
89.7	71600.0	1.2035
89.8	71600.0	1.2042
89.9	71600.0	1.205
90.0	71600.0	1.206
90.1	71600.0	1.2067
90.2	71700.0	1.2075
90.3	71700.0	1.2085
90.4	71700.0	1.2092
90.5	71700.0	1.2102
90.6	71700.0	1.211
90.7	71800.0	1.212
90.8	71800.0	1.2127
90.9	71800.0	1.2135
91.0	71900.0	1.2145
91.1	71900.0	1.2152
91.2	71900.0	1.2162
91.3	71900.0	1.217
91.4	71900.0	1.218
91.5	71900.0	1.2187
91.6	72000.0	1.2197
91.7	72000.0	1.2205
91.8	72000.0	1.2215
91.9	72000.0	1.2222
92.0	72000.0	1.223
92.1	72000.0	1.224
92.2	72000.0	1.2247
92.3	72000.0	1.2257
92.4	72100.0	1.2265
92.5	72100.0	1.2275
92.6	72100.0	1.2282
92.7	72100.0	1.2292
92.8	72100.0	1.23
92.9	72200.0	1.231
93.0	72200.0	1.2317
93.1	72200.0	1.2327
93.2	72200.0	1.2335
93.3	72200.0	1.2345
93.4	72300.0	1.2352
93.5	72300.0	1.236
93.6	72300.0	1.237
93.7	72300.0	1.2377
93.8	72300.0	1.2385
93.9	72400.0	1.2395
94.0	72400.0	1.2402
94.1	72400.0	1.2412
94.2	72400.0	1.242
94.3	72400.0	1.2427
94.4	72400.0	1.2435
94.5	72400.0	1.2445
94.6	72400.0	1.2452
94.7	72400.0	1.246
94.8	72400.0	1.247
94.9	72400.0	1.2477
95.0	72500.0	1.2487
95.1	72500.0	1.2495
95.2	72500.0	1.2502
95.3	72500.0	1.251
95.4	72600.0	1.252
95.5	72600.0	1.2528
95.6	72600.0	1.2538
95.7	72600.0	1.2545
95.8	72600.0	1.2553
95.9	72700.0	1.2563
96.0	72700.0	1.257
96.1	72700.0	1.2578
96.2	72700.0	1.2588
96.3	72700.0	1.2595
96.4	72700.0	1.2603
96.5	72800.0	1.2613
96.6	72800.0	1.262
96.7	72800.0	1.2628
96.8	72800.0	1.2635
96.9	72800.0	1.2645
97.0	72800.0	1.2653
97.1	72800.0	1.266
97.2	72800.0	1.267
97.3	72800.0	1.2678
97.4	72800.0	1.2685
97.5	72800.0	1.2693
97.6	72900.0	1.2703
97.7	72900.0	1.271
97.8	72900.0	1.272
97.9	72900.0	1.2728
98.0	72900.0	1.2735
98.1	73000.0	1.2745
98.2	73000.0	1.2753
98.3	73000.0	1.276
98.4	73000.0	1.277
98.5	73000.0	1.2778
98.6	73000.0	1.2785
98.7	73100.0	1.2795
98.8	73100.0	1.2803
98.9	73100.0	1.281
99.0	73100.0	1.282
99.1	73100.0	1.2828
99.2	73100.0	1.2835
99.3	73100.0	1.2845
99.4	73200.0	1.2853
99.5	73200.0	1.286
99.6	73200.0	1.287
99.7	73200.0	1.2878
99.8	73200.0	1.2885
99.9	73200.0	1.2895
100.0	73200.0	1.2903
100.1	73200.0	1.291
100.2	73200.0	1.2918
100.3	73200.0	1.2928
100.4	73200.0	1.2935
100.5	73300.0	1.294
100.6	73300.0	1.295
100.7	73300.0	1.2958
100.8	73300.0	1.2965
100.9	73300.0	1.2975
101.0	73300.0	1.2983
101.0	73300.0	1.299
101.2	73400.0	1.3003
101.3	73300.0	1.3008
101.4	73300.0	1.3018
101.5	73400.0	1.3026
101.6	73400.0	1.3033
101.7	73400.0	1.3041
101.8	73400.0	1.3051
101.9	73400.0	1.3058
102.0	73500.0	1.3066
102.0	73500.0	1.3076
102.2	73500.0	1.3083
102.3	73500.0	1.3091
102.4	73500.0	1.3101
102.5	73500.0	1.3108
102.6	73600.0	1.3116
102.7	73600.0	1.3126
102.8	73600.0	1.3133
102.9	73600.0	1.3141
103.0	73600.0	1.3151
103.0	73600.0	1.3158
103.2	73600.0	1.3166
103.3	73600.0	1.3176
103.4	73600.0	1.3183
103.5	73600.0	1.3191
103.6	73600.0	1.3201
103.7	73600.0	1.3208
103.8	73600.0	1.3216
103.9	73600.0	1.3226
104.0	73700.0	1.3231
104.1	73700.0	1.3241
104.2	73700.0	1.3251
104.3	73700.0	1.3256
104.4	73800.0	1.3268
104.5	73700.0	1.3273
104.5	73700.0	1.3281
104.7	73800.0	1.3293
104.8	73800.0	1.3298
104.9	73800.0	1.3308
105.0	73800.0	1.3318
105.1	73800.0	1.3326
105.2	73800.0	1.3333
105.3	73800.0	1.3343
105.4	73800.0	1.3351
105.5	73900.0	1.3358
105.6	73800.0	1.3368
105.7	73900.0	1.3376
105.8	73900.0	1.3383
105.9	73900.0	1.3393
106.0	73900.0	1.3401
106.1	73900.0	1.3408
106.2	74000.0	1.3418
106.3	74000.0	1.3426
106.4	74000.0	1.3433
106.5	74000.0	1.3443
106.6	74000.0	1.3451
106.7	74000.0	1.3458
106.8	74000.0	1.3468
106.9	74000.0	1.3476
107.0	74000.0	1.3483
107.1	74000.0	1.3493
107.2	74000.0	1.3501
107.3	74000.0	1.3509
107.4	74000.0	1.3519
107.5	74000.0	1.3526
107.6	74000.0	1.3534
107.7	74000.0	1.3541
107.8	74000.0	1.3551
107.9	74000.0	1.3559
108.0	74100.0	1.3566
108.1	74100.0	1.3574
108.2	74100.0	1.3584
108.3	74100.0	1.3591
108.4	74100.0	1.3599
108.5	74100.0	1.3609
108.6	74100.0	1.3616
108.7	74100.0	1.3624
108.8	74200.0	1.3634
108.9	74200.0	1.3641
109.0	74200.0	1.3651
109.1	74200.0	1.3659
109.2	74200.0	1.3666
109.3	74200.0	1.3676
109.4	74200.0	1.3684
109.5	74200.0	1.3691
109.6	74300.0	1.3701
109.7	74300.0	1.3709
109.8	74300.0	1.3716
109.9	74300.0	1.3726
110.0	74300.0	1.3734
110.1	74300.0	1.3741
110.2	74300.0	1.3751
110.3	74300.0	1.3759
110.4	74400.0	1.3769
110.5	74400.0	1.3776
110.6	74400.0	1.3784
110.7	74400.0	1.3794
110.8	74400.0	1.3801
110.9	74400.0	1.3809
111.0	74400.0	1.3819
111.1	74400.0	1.3826
111.2	74400.0	1.3836
111.3	74400.0	1.3844
111.4	74400.0	1.3851
111.5	74400.0	1.3859
111.6	74400.0	1.3869
111.7	74400.0	1.3876
111.8	74400.0	1.3886
111.9	74400.0	1.3894
112.0	74400.0	1.3901
112.1	74400.0	1.3911
112.2	74400.0	1.3919
112.3	74400.0	1.3926
112.4	74500.0	1.3936
112.5	74500.0	1.3944
112.6	74500.0	1.3951
112.7	74500.0	1.3961
112.8	74500.0	1.3969
112.9	74500.0	1.3976
113.0	74500.0	1.3986
113.1	74500.0	1.3994
113.2	74500.0	1.4001
113.3	74500.0	1.4012
113.4	74500.0	1.4019
113.5	74600.0	1.4027
113.6	74600.0	1.4037
113.7	74600.0	1.4044
113.8	74600.0	1.4052
113.9	74600.0	1.4062
114.0	74600.0	1.4069
114.1	74600.0	1.4077
114.2	74600.0	1.4087
114.3	74600.0	1.4094
114.4	74700.0	1.4102
114.5	74700.0	1.4112
114.6	74700.0	1.4119
114.7	74700.0	1.4127
114.8	74700.0	1.4137
114.9	74700.0	1.4144
115.0	74700.0	1.4152
115.1	74700.0	1.4159
115.2	74700.0	1.4169
115.3	74700.0	1.4177
115.4	74800.0	1.4184
115.5	74800.0	1.4192
115.6	74800.0	1.4202
115.7	74800.0	1.4209
115.8	74800.0	1.4217
115.9	74800.0	1.4224
116.0	74800.0	1.4234
116.1	74800.0	1.4242
116.2	74800.0	1.4249
116.3	74800.0	1.4259
116.4	74800.0	1.4267
116.5	74800.0	1.4277
116.6	74800.0	1.4284
116.7	74800.0	1.4292
116.8	74800.0	1.4302
116.9	74800.0	1.4309
117.0	74800.0	1.4317
117.1	74800.0	1.4327
117.2	74800.0	1.4334
117.3	74800.0	1.4342
117.4	74800.0	1.4352
117.5	74800.0	1.4359
117.6	74900.0	1.4367
117.7	74800.0	1.4377
117.8	74900.0	1.4384
117.9	74900.0	1.4392
118.0	74900.0	1.4402
118.1	74900.0	1.4409
118.2	74900.0	1.4417
118.3	74900.0	1.4427
118.4	74900.0	1.4434
118.5	74900.0	1.4442
118.6	74900.0	1.4452
118.7	74900.0	1.4459
118.8	74900.0	1.4467
118.9	75000.0	1.4477
119.0	75000.0	1.4484
119.1	75000.0	1.4492
119.2	75000.0	1.45
119.3	75000.0	1.451
119.4	75000.0	1.4517
119.5	75000.0	1.4525
119.6	75000.0	1.4535
119.7	75000.0	1.4542
119.8	75000.0	1.455
119.9	75000.0	1.456
120.0	75000.0	1.4567
120.1	75000.0	1.4575
120.2	75100.0	1.4585
120.3	75100.0	1.4592
120.4	75100.0	1.46
120.5	75100.0	1.461
120.6	75100.0	1.4617
120.7	75100.0	1.4625
120.8	75100.0	1.4632
120.9	75100.0	1.4642
121.0	75100.0	1.465
121.1	75100.0	1.4657
121.2	75100.0	1.4667
121.3	75200.0	1.4675
121.4	75200.0	1.4682
121.5	75200.0	1.4692
121.6	75200.0	1.47
121.7	75200.0	1.4707
121.8	75200.0	1.4717
121.9	75200.0	1.4725
122.0	75200.0	1.4732
122.1	75200.0	1.4742
122.2	75200.0	1.475
122.3	75200.0	1.4757
122.4	75200.0	1.4765
122.5	75200.0	1.4775
122.6	75200.0	1.4782
122.7	75200.0	1.479
122.8	75200.0	1.48
122.9	75200.0	1.4807
123.0	75200.0	1.4815
123.1	75200.0	1.4822
123.2	75200.0	1.4832
123.3	75200.0	1.484
123.4	75200.0	1.4847
123.5	75200.0	1.4857
123.6	75200.0	1.4865
123.7	75300.0	1.4872
123.8	75200.0	1.488
123.9	75300.0	1.489
124.0	75300.0	1.4897
124.1	75300.0	1.4905
124.2	75300.0	1.4912
124.3	75300.0	1.4922
124.4	75300.0	1.493
124.5	75300.0	1.4937
124.6	75300.0	1.4945
124.7	75300.0	1.4955
124.8	75300.0	1.4962
124.9	75300.0	1.4972
125.0	75300.0	1.498
125.1	75300.0	1.4987
125.2	75400.0	1.4997
125.3	75400.0	1.5005
125.4	75400.0	1.5013
125.5	75400.0	1.502
125.6	75400.0	1.503
125.7	75400.0	1.5038
125.8	75400.0	1.5048
125.9	75400.0	1.5055
126.0	75400.0	1.5063
126.1	75400.0	1.5073
126.2	75400.0	1.508
126.3	75400.0	1.5088
126.4	75400.0	1.5098
126.5	75500.0	1.5105
126.6	75400.0	1.5113
126.7	75500.0	1.5123
126.8	75500.0	1.513
126.9	75500.0	1.5138
127.0	75500.0	1.5148
127.1	75500.0	1.5155
127.2	75500.0	1.5163
127.3	75500.0	1.5173
127.4	75500.0	1.518
127.5	75500.0	1.5188
127.6	75500.0	1.5195
127.7	75500.0	1.5205
127.8	75500.0	1.5213
127.9	75500.0	1.522
128.0	75600.0	1.523
128.1	75600.0	1.5238
128.2	75600.0	1.5245
128.3	75600.0	1.5255
128.4	75600.0	1.5263
128.5	75600.0	1.527
128.6	75600.0	1.528
128.7	75600.0	1.5288
128.8	75600.0	1.5295
128.9	75600.0	1.5305
129.0	75600.0	1.5313
129.1	75600.0	1.5323
129.2	75600.0	1.533
129.3	75600.0	1.5338
129.4	75600.0	1.5348
129.5	75600.0	1.5355
129.6	75600.0	1.5365
129.7	75600.0	1.5373
129.8	75600.0	1.538
129.9	75600.0	1.539
130.0	75600.0	1.5398
130.1	75600.0	1.5405
130.2	75600.0	1.5415
130.3	75600.0	1.5423
130.4	75600.0	1.543
130.5	75600.0	1.5438
130.6	75600.0	1.5448
130.7	75600.0	1.5455
130.8	75600.0	1.5463
130.9	75700.0	1.5473
131.0	75600.0	1.548
131.1	75600.0	1.5488
131.2	75700.0	1.5498
131.3	75700.0	1.5506
131.4	75700.0	1.5513
131.5	75700.0	1.5521
131.6	75700.0	1.5531
131.7	75700.0	1.5538
131.8	75700.0	1.5548
131.9	75700.0	1.5556
132.0	75700.0	1.5563
132.1	75700.0	1.5573
132.2	75700.0	1.5581
132.3	75700.0	1.5588
132.4	75700.0	1.5598
132.5	75700.0	1.5606
132.6	75700.0	1.5616
132.7	75700.0	1.5623
132.8	75800.0	1.5631
132.9	75800.0	1.5641
133.0	75800.0	1.5648
133.1	75800.0	1.5656
133.2	75800.0	1.5663
133.3	75800.0	1.5673
133.4	75800.0	1.5681
133.5	75800.0	1.5688
133.6	75800.0	1.5698
133.7	75800.0	1.5706
133.8	75800.0	1.5713
133.9	75800.0	1.5721
134.0	75800.0	1.5731
134.1	75800.0	1.5738
134.2	75800.0	1.5748
134.3	75800.0	1.5756
134.4	75900.0	1.5763
134.5	75900.0	1.5773
134.6	75900.0	1.5781
134.7	75900.0	1.5788
134.8	75900.0	1.5798
134.9	75900.0	1.5806
135.0	75900.0	1.5813
135.1	75900.0	1.5823
135.2	75900.0	1.5831
135.3	75900.0	1.5841
135.4	75900.0	1.5848
135.5	75900.0	1.5856
135.6	75900.0	1.5866
135.7	75900.0	1.5873
135.8	76000.0	1.5881
135.9	75900.0	1.5891
136.0	76000.0	1.5898
136.1	76000.0	1.5908
136.2	75900.0	1.5916
136.3	76000.0	1.5923
136.4	76000.0	1.5933
136.5	76000.0	1.5941
136.6	76000.0	1.5948
136.7	76000.0	1.5958
136.8	76000.0	1.5966
136.9	76000.0	1.5973
137.0	76000.0	1.5983
137.1	76000.0	1.5991
137.2	76000.0	1.5996
137.3	76000.0	1.6004
137.4	76000.0	1.6014
137.5	76000.0	1.6021
137.6	76000.0	1.6029
137.7	76000.0	1.6039
137.8	76000.0	1.6046
137.9	76000.0	1.6054
138.0	76000.0	1.6061
138.1	76000.0	1.6071
138.2	76000.0	1.6079
138.3	76000.0	1.6086
138.4	76000.0	1.6096
138.5	76000.0	1.6104
138.6	76000.0	1.6111
138.7	76000.0	1.6121
138.8	76000.0	1.6129
138.9	76000.0	1.6136
139.0	76000.0	1.6146
139.1	76000.0	1.6154
139.2	76000.0	1.6161
139.3	76000.0	1.6171
139.4	76000.0	1.6179
139.5	76000.0	1.6186
139.6	76000.0	1.6194
139.7	76000.0	1.6204
139.8	76000.0	1.6211
139.9	76000.0	1.6219
140.0	76000.0	1.6229
140.1	76000.0	1.6236
140.2	76000.0	1.6246
140.3	76100.0	1.6254
140.4	76100.0	1.6264
140.5	76100.0	1.6271
140.6	76100.0	1.6279
140.7	76100.0	1.6289
140.8	76100.0	1.6296
140.9	76100.0	1.6304
141.0	76100.0	1.6314
141.1	76100.0	1.6321
141.2	76100.0	1.6329
141.3	76100.0	1.6339
141.4	76100.0	1.6346
141.5	76100.0	1.6354
141.6	76100.0	1.6364
141.7	76100.0	1.6371
141.8	76100.0	1.6379
141.9	76100.0	1.6389
142.0	76100.0	1.6396
142.1	76200.0	1.6406
142.2	76200.0	1.6414
142.3	76200.0	1.6421
142.4	76200.0	1.6431
142.5	76200.0	1.6439
142.6	76200.0	1.6446
142.7	76200.0	1.6456
142.8	76200.0	1.6464
142.9	76200.0	1.6471
143.0	76200.0	1.6481
143.1	76200.0	1.6489
143.2	76200.0	1.6496
143.3	76200.0	1.6507
143.4	76200.0	1.6514
143.5	76200.0	1.6522
143.6	76200.0	1.6532
143.7	76200.0	1.6539
143.8	76200.0	1.6547
143.9	76200.0	1.6557
144.0	76200.0	1.6564
144.1	76300.0	1.6572
144.2	76200.0	1.6579
144.3	76300.0	1.6589
144.4	76300.0	1.6597
144.5	76300.0	1.6604
144.6	76300.0	1.6614
144.7	76300.0	1.6622
144.8	76300.0	1.6629
144.9	76300.0	1.6637
145.0	76300.0	1.6647
145.1	76300.0	1.6654
145.2	76300.0	1.6662
145.3	76300.0	1.6672
145.4	76300.0	1.6679
145.5	76300.0	1.6687
145.6	76300.0	1.6697
145.7	76300.0	1.6702
145.8	76300.0	1.6712
145.9	76300.0	1.6719
146.0	76300.0	1.6727
146.1	76300.0	1.6737
146.2	76300.0	1.6744
146.3	76300.0	1.6752
146.4	76300.0	1.6762
146.5	76400.0	1.6769
146.6	76300.0	1.6779
146.7	76300.0	1.6787
146.8	76400.0	1.6794
146.9	76400.0	1.6804
147.0	76400.0	1.6812
147.1	76400.0	1.6819
147.2	76400.0	1.6829
147.3	76400.0	1.6837
147.4	76400.0	1.6844
147.5	76400.0	1.6854
147.6	76400.0	1.6862
147.7	76400.0	1.6872
147.8	76400.0	1.6879
147.9	76400.0	1.6887
148.0	76400.0	1.6897
148.1	76400.0	1.6904
148.2	76400.0	1.6914
148.3	76400.0	1.6922
148.4	76400.0	1.6929
148.5	76400.0	1.6939
148.6	76400.0	1.6947
148.7	76400.0	1.6957
148.8	76400.0	1.6964
148.9	76400.0	1.6972
149.0	76400.0	1.6982
149.1	76400.0	1.6989
149.2	76400.0	1.6997
149.3	76400.0	1.7007
149.4	76400.0	1.7015
149.5	76400.0	1.7022
149.6	76400.0	1.7032
149.7	76400.0	1.704
149.8	76400.0	1.705
149.9	76400.0	1.7057
150.0	76400.0	1.7067
150.1	76400.0	1.7075
150.2	76400.0	1.7082
150.3	76400.0	1.7092
150.4	76400.0	1.71
150.5	76400.0	1.7107
150.6	76400.0	1.7117
150.7	76400.0	1.7125
150.8	76400.0	1.7132
150.9	76400.0	1.7142
151.0	76400.0	1.715
151.1	76400.0	1.7157
151.2	76400.0	1.7165
151.3	76400.0	1.7175
151.4	76400.0	1.7182
151.5	76400.0	1.719
151.6	76400.0	1.72
151.7	76500.0	1.7207
151.8	76400.0	1.7215
151.9	76400.0	1.7225
152.0	76500.0	1.7232
152.1	76500.0	1.724
152.2	76500.0	1.725
152.3	76500.0	1.7257
152.4	76500.0	1.7265
152.5	76500.0	1.7275
152.6	76500.0	1.728
152.7	76500.0	1.729
152.8	76500.0	1.7297
152.9	76500.0	1.7305
153.0	76500.0	1.7315
153.1	76500.0	1.7322
153.2	76500.0	1.733
153.3	76500.0	1.7337
153.4	76500.0	1.7347
153.5	76500.0	1.7355
153.6	76500.0	1.7362
153.7	76500.0	1.7372
153.8	76500.0	1.7377
153.9	76500.0	1.7385
154.0	76500.0	1.7397
154.1	76500.0	1.7402
154.2	76600.0	1.741
154.3	76500.0	1.742
154.4	76500.0	1.7427
154.5	76500.0	1.7435
154.6	76600.0	1.7445
154.7	76600.0	1.7452
154.8	76600.0	1.746
154.9	76600.0	1.747
155.0	76600.0	1.7477
155.1	76600.0	1.7485
155.2	76600.0	1.7495
155.3	76600.0	1.7502
155.4	76600.0	1.751
155.5	76600.0	1.752
155.6	76600.0	1.7528
155.7	76600.0	1.7535
155.8	76600.0	1.7548
155.9	76600.0	1.7555
156.0	76600.0	1.7565
156.1	76600.0	1.7573
156.2	76600.0	1.758
156.3	76600.0	1.759
156.4	76600.0	1.7598
156.5	76600.0	1.7605
156.6	76700.0	1.7615
156.7	76700.0	1.762
156.8	76600.0	1.763
156.9	76700.0	1.764
157.0	76700.0	1.7645
157.1	76600.0	1.7653
157.2	76700.0	1.7665
157.3	76700.0	1.767
157.4	76600.0	1.7678
157.5	76700.0	1.7688
157.6	76700.0	1.7695
157.7	76700.0	1.7703
157.8	76700.0	1.771
157.9	76700.0	1.772
158.0	76700.0	1.7728
158.1	76700.0	1.7738
158.2	76700.0	1.7745
158.3	76700.0	1.7753
158.4	76700.0	1.7763
158.5	76700.0	1.777
158.6	76700.0	1.7778
158.7	76700.0	1.7785
158.8	76700.0	1.7795
158.9	76700.0	1.7803
159.0	76700.0	1.7813
159.1	76700.0	1.782
159.2	76700.0	1.7828
159.3	76700.0	1.7835
159.4	76700.0	1.7845
159.5	76700.0	1.785
159.6	76700.0	1.7858
159.7	76700.0	1.787
159.8	76700.0	1.788
159.9	76700.0	1.7885
160.0	76700.0	1.7895
160.1	76800.0	1.7905
160.2	76800.0	1.7913
160.3	76700.0	1.792
160.4	76700.0	1.7928
160.5	76700.0	1.7933
160.6	76800.0	1.7943
160.7	76800.0	1.7953
160.8	76800.0	1.7958
160.9	76800.0	1.797
161.0	76800.0	1.798
161.1	76800.0	1.7988
161.2	76800.0	1.7995
161.3	76800.0	1.8006
161.4	76800.0	1.8013
161.5	76800.0	1.8018
161.6	76800.0	1.8026
161.7	76800.0	1.8036
161.8	76800.0	1.8043
161.9	76800.0	1.8051
162.0	76800.0	1.8061
162.0	76800.0	1.8068
162.2	76800.0	1.8076
162.3	76800.0	1.8086
162.4	76800.0	1.8093
162.5	76800.0	1.8101
162.6	76800.0	1.8111
162.7	76800.0	1.8121
162.8	76800.0	1.8128
162.9	76800.0	1.8138
163.0	76800.0	1.8143
163.1	76800.0	1.8153
163.2	76800.0	1.8163
163.3	76800.0	1.8168
163.4	76800.0	1.8181
163.5	76800.0	1.8186
163.6	76800.0	1.8193
163.7	76800.0	1.8201
163.8	76800.0	1.8211
163.9	76800.0	1.8218
164.0	76800.0	1.8226
164.1	76800.0	1.8236
164.2	76800.0	1.8243
164.3	76800.0	1.8253
164.4	76800.0	1.8261
164.5	76800.0	1.8268
164.6	76800.0	1.8278
164.7	76800.0	1.8286
164.8	76800.0	1.8293
164.9	76800.0	1.8303
165.0	76800.0	1.8311
165.1	76800.0	1.8318
165.2	76800.0	1.8328
165.3	76800.0	1.8336
165.4	76800.0	1.8343
165.5	76800.0	1.8353
165.6	76800.0	1.8361
165.7	76800.0	1.8368
165.8	76800.0	1.8378
165.9	76800.0	1.8386
166.0	76800.0	1.8396
166.1	76800.0	1.8403
166.2	76800.0	1.8411
166.3	76800.0	1.8421
166.4	76800.0	1.8428
166.5	76800.0	1.8436
166.6	76800.0	1.8446
166.7	76800.0	1.8453
166.8	76800.0	1.8461
166.9	76800.0	1.8471
167.0	76800.0	1.8478
167.1	76800.0	1.8488
167.2	76800.0	1.8496
167.3	76800.0	1.8504
167.4	76800.0	1.8514
167.5	76900.0	1.8521
167.6	76900.0	1.8529
167.7	76900.0	1.8539
167.8	76900.0	1.8546
167.9	76900.0	1.8554
168.0	76900.0	1.8564
168.1	76900.0	1.8571
168.2	76900.0	1.8581
168.3	76900.0	1.8589
168.4	76900.0	1.8596
168.5	76900.0	1.8604
168.6	76900.0	1.8614
168.7	76900.0	1.8621
168.8	76900.0	1.8631
168.9	76900.0	1.8639
169.0	76900.0	1.8646
169.1	76900.0	1.8656
169.2	76900.0	1.8664
169.3	76900.0	1.8671
169.4	76900.0	1.8681
169.5	76900.0	1.8689
169.6	76900.0	1.8699
169.7	76900.0	1.8706
169.8	76900.0	1.8714
169.9	76900.0	1.8724
170.0	76900.0	1.8731
170.1	76900.0	1.8739
170.2	76900.0	1.8749
170.3	76900.0	1.8756
170.4	76900.0	1.8764
170.5	76900.0	1.8774
170.6	76900.0	1.8781
170.7	76900.0	1.8789
170.8	77000.0	1.8799
170.9	76900.0	1.8806
171.0	76900.0	1.8814
171.1	77000.0	1.8824
171.2	76900.0	1.8831
171.3	77000.0	1.8839
171.4	77000.0	1.8846
171.5	77000.0	1.8856
171.6	77000.0	1.8864
171.7	77000.0	1.8871
171.8	77000.0	1.8881
171.9	77000.0	1.8889
172.0	77000.0	1.8896
172.1	77000.0	1.8906
172.2	77000.0	1.8914
172.3	77000.0	1.8921
172.4	77000.0	1.8931
172.5	77000.0	1.8939
172.6	77000.0	1.8946
172.7	77000.0	1.8956
172.8	77000.0	1.8964
172.9	77000.0	1.8971
173.0	77000.0	1.8981
173.1	77000.0	1.8989
173.2	77000.0	1.8999
173.3	77000.0	1.9007
173.4	77000.0	1.9014
173.5	77000.0	1.9024
173.6	77000.0	1.9032
173.7	77000.0	1.9042
173.8	77000.0	1.9049
173.9	77000.0	1.9057
174.0	77000.0	1.9067
174.1	77000.0	1.9074
174.2	77000.0	1.9082
174.3	77000.0	1.9092
174.4	77000.0	1.9099
174.5	77000.0	1.9107
174.6	77000.0	1.9117
174.7	77000.0	1.9124
174.8	77000.0	1.9134
174.9	77000.0	1.9142
175.0	77100.0	1.9149
175.1	77000.0	1.9159
175.2	77100.0	1.9167
175.3	77100.0	1.9177
175.4	77100.0	1.9184
175.5	77100.0	1.9192
175.6	77100.0	1.9202
175.7	77100.0	1.9209
175.8	77100.0	1.9219
175.9	77100.0	1.9227
176.0	77100.0	1.9234
176.1	77100.0	1.9244
176.2	77100.0	1.9252
176.3	77100.0	1.9262
176.4	77100.0	1.9269
176.5	77100.0	1.9277
176.6	77100.0	1.9287
176.7	77100.0	1.9294
176.8	77100.0	1.9302
176.9	77100.0	1.9312
177.0	77100.0	1.9319
177.1	77100.0	1.9329
177.2	77100.0	1.9337
177.3	77100.0	1.9344
177.4	77100.0	1.9354
177.5	77100.0	1.9362
177.6	77100.0	1.9369
177.7	77100.0	1.9379
177.8	77100.0	1.9387
177.9	77100.0	1.9397
178.0	77100.0	1.9404
178.1	77100.0	1.9414
178.2	77100.0	1.9422
178.3	77100.0	1.9429
178.4	77100.0	1.9439
178.5	77100.0	1.9447
178.6	77100.0	1.9454
178.7	77100.0	1.9464
178.8	77100.0	1.9472
178.9	77100.0	1.9482
179.0	77100.0	1.9489
179.1	77100.0	1.9497
179.2	77100.0	1.9507
179.3	77200.0	1.9515
179.4	77100.0	1.9522
179.5	77100.0	1.9532
179.6	77200.0	1.954
179.7	77100.0	1.955
179.8	77200.0	1.9557
179.9	77200.0	1.9565
180.0	77200.0	1.9575
180.1	77200.0	1.9582
180.2	77200.0	1.959
180.3	77200.0	1.96
180.4	77200.0	1.9607
180.5	77200.0	1.9615
180.6	77200.0	1.9625
180.7	77200.0	1.9632
180.8	77200.0	1.964
180.9	77200.0	1.965
181.0	77200.0	1.9657
181.1	77200.0	1.9665
181.2	77200.0	1.9675
181.3	77200.0	1.9682
181.4	77200.0	1.9692
181.5	77200.0	1.97
181.6	77200.0	1.9707
181.7	77200.0	1.9717
181.8	77200.0	1.9725
181.9	77200.0	1.9735
182.0	77200.0	1.9742
182.1	77200.0	1.975
182.2	77200.0	1.976
182.3	77200.0	1.9767
182.4	77200.0	1.9777
182.5	77200.0	1.9785
182.6	77200.0	1.9792
182.7	77200.0	1.9802
182.8	77200.0	1.981
182.9	77200.0	1.982
183.0	77200.0	1.9827
183.1	77200.0	1.9835
183.2	77200.0	1.9845
183.3	77200.0	1.9852
183.4	77200.0	1.9862
183.5	77200.0	1.987
183.6	77200.0	1.9877
183.7	77200.0	1.9887
183.8	77200.0	1.9895
183.9	77200.0	1.9905
184.0	77200.0	1.9912
184.1	77200.0	1.9922
184.2	77200.0	1.993
184.3	77200.0	1.9937
184.4	77200.0	1.9947
184.5	77200.0	1.9955
184.6	77200.0	1.9965
184.7	77200.0	1.9972
184.8	77200.0	1.998
184.9	77200.0	1.999
185.0	77200.0	1.9997
185.1	77200.0	2.0007
185.2	77200.0	2.0015
185.3	77200.0	2.0025
185.4	77200.0	2.0033
185.5	77200.0	2.004
185.6	77200.0	2.005
185.7	77200.0	2.0058
185.8	77200.0	2.0068
185.9	77200.0	2.0075
186.0	77200.0	2.0083
186.1	77200.0	2.0093
186.2	77200.0	2.01
186.3	77200.0	2.011
186.4	77200.0	2.0118
186.5	77200.0	2.0125
186.6	77200.0	2.0135
186.7	77200.0	2.0143
186.8	77200.0	2.0153
186.9	77200.0	2.016
187.0	77200.0	2.0168
187.1	77200.0	2.0178
187.2	77200.0	2.0185
187.3	77200.0	2.0195
187.4	77200.0	2.0203
187.5	77200.0	2.0213
187.6	77200.0	2.022
187.7	77200.0	2.0228
187.8	77200.0	2.0238
187.9	77200.0	2.0245
188.0	77200.0	2.0253
188.1	77200.0	2.0263
188.2	77200.0	2.027
188.3	77200.0	2.0278
188.4	77200.0	2.0288
188.5	77200.0	2.0295
188.6	77200.0	2.0303
188.7	77200.0	2.0313
188.8	77200.0	2.032
188.9	77200.0	2.0328
189.0	77200.0	2.0338
189.1	77200.0	2.0345
189.2	77200.0	2.0353
189.3	77200.0	2.0363
189.4	77200.0	2.037
189.5	77200.0	2.0378
189.6	77200.0	2.0385
189.7	77200.0	2.0395
189.8	77200.0	2.0403
189.9	77200.0	2.041
190.0	77200.0	2.042
190.1	77200.0	2.0428
190.2	77200.0	2.0438
190.3	77200.0	2.0445
190.4	77200.0	2.0453
190.5	77200.0	2.0463
190.6	77200.0	2.047
190.7	77200.0	2.0478
190.8	77300.0	2.0488
190.9	77300.0	2.0498
191.0	77200.0	2.0506
191.1	77300.0	2.0513
191.2	77300.0	2.0523
191.3	77300.0	2.0531
191.4	77300.0	2.0541
191.5	77300.0	2.0548
191.6	77300.0	2.0556
191.7	77300.0	2.0563
191.8	77300.0	2.0573
191.9	77300.0	2.0581
192.0	77300.0	2.0588
192.1	77300.0	2.0598
192.2	77300.0	2.0606
192.3	77300.0	2.0616
192.4	77300.0	2.0623
192.5	77300.0	2.0631
192.6	77300.0	2.0641
192.7	77300.0	2.0648
192.8	77300.0	2.0658
192.9	77300.0	2.0666
193.0	77300.0	2.0676
193.1	77300.0	2.0683
193.2	77300.0	2.0691
193.3	77300.0	2.0701
193.4	77300.0	2.0708
193.5	77300.0	2.0718
193.6	77300.0	2.0726
193.7	77300.0	2.0733
193.8	77300.0	2.0743
193.9	77300.0	2.0751
194.0	77300.0	2.0761
194.1	77300.0	2.0768
194.2	77300.0	2.0776
194.3	77300.0	2.0786
194.4	77300.0	2.0793
194.5	77300.0	2.0803
194.6	77300.0	2.0811
194.7	77300.0	2.0821
194.8	77300.0	2.0828
194.9	77300.0	2.0836
195.0	77300.0	2.0846
195.1	77300.0	2.0853
195.2	77300.0	2.0863
195.3	77300.0	2.0871
195.4	77300.0	2.0878
195.5	77300.0	2.0888
195.6	77300.0	2.0896
195.7	77300.0	2.0903
195.8	77300.0	2.0913
195.9	77300.0	2.0921
196.0	77300.0	2.0931
196.1	77300.0	2.0938
196.2	77300.0	2.0946
196.3	77300.0	2.0956
196.4	77300.0	2.0963
196.5	77300.0	2.0973
196.6	77300.0	2.0981
196.7	77300.0	2.0988
196.8	77300.0	2.0999
196.9	77300.0	2.1006
197.0	77300.0	2.1014
197.1	77300.0	2.1021
197.2	77300.0	2.1031
197.3	77300.0	2.1041
197.4	77400.0	2.1049
197.5	77300.0	2.1056
197.6	77300.0	2.1066
197.7	77400.0	2.1071
197.8	77300.0	2.1081
197.9	77300.0	2.1091
198.0	77300.0	2.1096
198.1	77300.0	2.1104
198.2	77300.0	2.1116
198.3	77300.0	2.1121
198.4	77300.0	2.1129
198.5	77300.0	2.1141
198.6	77400.0	2.1146
198.7	77300.0	2.1154
198.8	77300.0	2.1164
198.9	77400.0	2.1171
199.0	77300.0	2.1179
199.1	77400.0	2.1189
199.2	77400.0	2.1196
199.3	77300.0	2.1206
199.4	77400.0	2.1214
199.5	77400.0	2.1221
199.6	77300.0	2.1231
199.7	77400.0	2.1239
199.8	77400.0	2.1246
199.9	77400.0	2.1256
200.0	77400.0	2.1264
200.1	77400.0	2.1274
200.2	77400.0	2.1281
200.3	77400.0	2.1289
200.4	77400.0	2.1299
200.5	77400.0	2.1306
200.6	77400.0	2.1314
200.7	77400.0	2.1324
200.8	77400.0	2.1334
200.9	77400.0	2.1341
201.0	77400.0	2.1349
201.1	77400.0	2.1359
201.2	77400.0	2.1366
201.3	77400.0	2.1376
201.4	77400.0	2.1384
201.5	77400.0	2.1391
201.6	77400.0	2.1399
201.7	77400.0	2.1409
201.8	77400.0	2.1416
201.9	77400.0	2.1424
202.0	77400.0	2.1431
202.1	77400.0	2.1441
202.2	77400.0	2.1449
202.3	77400.0	2.1456
202.4	77400.0	2.1464
202.5	77400.0	2.1474
202.6	77400.0	2.1484
202.7	77400.0	2.1494
202.8	77400.0	2.1501
202.9	77400.0	2.1512
203.0	77400.0	2.1519
203.1	77400.0	2.1529
203.2	77400.0	2.1537
203.3	77400.0	2.1544
203.4	77400.0	2.1552
203.5	77400.0	2.1562
203.6	77400.0	2.1569
203.7	77400.0	2.1579
203.8	77400.0	2.1584
203.9	77400.0	2.1592
204.0	77400.0	2.1599
204.1	77400.0	2.1607
204.2	77400.0	2.1617
204.3	77400.0	2.1624
204.4	77400.0	2.1632
204.5	77400.0	2.1642
204.6	77400.0	2.1649
204.7	77400.0	2.1659
204.8	77400.0	2.1667
204.9	77400.0	2.1674
205.0	77400.0	2.1684
205.1	77400.0	2.1692
205.2	77400.0	2.1702
205.3	77400.0	2.1709
205.4	77400.0	2.1717
205.5	77400.0	2.1727
205.6	77400.0	2.1734
205.7	77400.0	2.1742
205.8	77400.0	2.1752
205.9	77400.0	2.1762
206.0	77400.0	2.1769
206.1	77400.0	2.1777
206.2	77400.0	2.1787
206.3	77400.0	2.1794
206.4	77400.0	2.1804
206.5	77400.0	2.1812
206.6	77400.0	2.1822
206.7	77400.0	2.1829
206.8	77400.0	2.1837
206.9	77400.0	2.1847
207.0	77400.0	2.1854
207.1	77400.0	2.1862
207.2	77400.0	2.1872
207.3	77400.0	2.1879
207.4	77400.0	2.1887
207.5	77400.0	2.1897
207.6	77400.0	2.1904
207.7	77400.0	2.1914
207.8	77400.0	2.1922
207.9	77400.0	2.1929
208.0	77400.0	2.1939
208.1	77500.0	2.1947
208.2	77400.0	2.1957
208.3	77500.0	2.1964
208.4	77400.0	2.1972
208.5	77500.0	2.1982
208.6	77500.0	2.1989
208.7	77500.0	2.2
208.8	77400.0	2.2007
208.9	77500.0	2.2015
209.0	77500.0	2.2025
209.1	77400.0	2.2032
209.2	77500.0	2.204
209.3	77400.0	2.205
209.4	77500.0	2.2057
209.5	77400.0	2.2065
209.6	77500.0	2.2075
209.7	77500.0	2.2082
209.8	77500.0	2.209
209.9	77400.0	2.21
210.0	77500.0	2.2107
210.1	77400.0	2.2115
210.2	77500.0	2.2122
210.3	77500.0	2.2132
210.4	77400.0	2.214
210.5	77500.0	2.2147
210.6	77500.0	2.2155
210.7	77500.0	2.2165
210.8	77500.0	2.2172
210.9	77400.0	2.218
211.0	77400.0	2.2187
211.1	77500.0	2.2197
211.2	77500.0	2.2205
211.3	77500.0	2.2212
211.4	77500.0	2.2222
211.5	77400.0	2.223
211.6	77500.0	2.2237
211.7	77400.0	2.2247
211.8	77500.0	2.2255
211.9	77500.0	2.2265
212.0	77500.0	2.2272
212.1	77500.0	2.228
212.2	77500.0	2.229
212.3	77500.0	2.2297
212.4	77500.0	2.2305
212.5	77500.0	2.2315
212.6	77500.0	2.2322
212.7	77500.0	2.233
212.8	77500.0	2.234
212.9	77500.0	2.2347
213.0	77500.0	2.2357
213.1	77500.0	2.2365
213.2	77500.0	2.2372
213.3	77500.0	2.2382
213.4	77500.0	2.239
213.5	77500.0	2.2397
213.6	77500.0	2.241
213.7	77500.0	2.2417
213.8	77500.0	2.2425
213.9	77500.0	2.2435
214.0	77500.0	2.2442
214.1	77500.0	2.245
214.2	77500.0	2.246
214.3	77500.0	2.2467
214.4	77500.0	2.2477
214.5	77500.0	2.2485
214.6	77500.0	2.2492
214.7	77500.0	2.2502
214.8	77500.0	2.251
214.9	77500.0	2.2518
215.0	77500.0	2.2525
215.1	77500.0	2.2535
215.2	77500.0	2.2543
215.3	77500.0	2.255
215.4	77500.0	2.2558
215.5	77500.0	2.2568
215.6	77500.0	2.2575
215.7	77500.0	2.2583
215.8	77500.0	2.2593
215.9	77500.0	2.26
216.0	77500.0	2.2608
216.1	77500.0	2.2615
216.2	77500.0	2.2625
216.3	77500.0	2.2635
216.4	77500.0	2.2643
216.5	77500.0	2.265
216.6	77500.0	2.266
216.7	77500.0	2.2665
216.8	77500.0	2.2675
216.9	77500.0	2.2683
217.0	77500.0	2.2693
217.1	77500.0	2.27
217.2	77500.0	2.271
217.3	77500.0	2.2718
217.4	77500.0	2.2728
217.5	77500.0	2.273
217.6	77500.0	2.274
217.7	77500.0	2.2753
217.8	77500.0	2.2755
217.9	77500.0	2.2768
218.0	77500.0	2.2778
218.1	77500.0	2.2785
218.2	77500.0	2.2793
218.3	77500.0	2.2803
218.4	77500.0	2.281
218.5	77500.0	2.2818
218.6	77500.0	2.2823
218.7	77500.0	2.2833
218.8	77500.0	2.284
218.9	77500.0	2.2848
219.0	77500.0	2.2858
219.1	77500.0	2.2865
219.2	77500.0	2.2873
219.3	77500.0	2.2883
219.4	77500.0	2.289
219.5	77500.0	2.29
219.6	77500.0	2.2908
219.7	77500.0	2.292
219.8	77600.0	2.2928
219.9	77500.0	2.2935
220.0	77500.0	2.2943
220.1	77500.0	2.295
220.2	77500.0	2.296
220.3	77500.0	2.2968
220.4	77500.0	2.2975
220.5	77500.0	2.2985
220.6	77500.0	2.2993
220.7	77600.0	2.3
220.8	77500.0	2.3008
220.9	77500.0	2.3018
221.0	77500.0	2.3026
221.1	77500.0	2.3033
221.2	77500.0	2.3043
221.3	77500.0	2.3051
221.4	77500.0	2.3061
221.5	77500.0	2.3068
221.6	77500.0	2.3076
221.7	77500.0	2.3086
221.8	77500.0	2.3093
221.9	77500.0	2.3101
222.0	77500.0	2.3111
222.1	77500.0	2.3118
222.2	77500.0	2.3126
222.3	77500.0	2.3136
222.4	77500.0	2.3143
222.5	77500.0	2.3153
222.6	77500.0	2.3161
222.7	77500.0	2.3168
222.8	77500.0	2.3178
222.9	77500.0	2.3186
223.0	77500.0	2.3193
223.1	77500.0	2.3203
223.2	77500.0	2.3211
223.3	77500.0	2.3221
223.4	77500.0	2.3228
223.5	77500.0	2.3236
223.6	77500.0	2.3246
223.7	77500.0	2.3253
223.8	77500.0	2.3261
223.9	77500.0	2.3271
224.0	77500.0	2.3281
224.1	77500.0	2.3288
224.2	77600.0	2.3296
224.3	77500.0	2.3306
224.4	77600.0	2.3313
224.5	77500.0	2.3321
224.6	77500.0	2.3331
224.7	77600.0	2.3338
224.8	77500.0	2.3348
224.9	77500.0	2.3356
225.0	77600.0	2.3363
225.1	77500.0	2.3373
225.2	77600.0	2.3381
225.3	77500.0	2.3388
225.4	77500.0	2.3398
225.5	77500.0	2.3406
225.6	77500.0	2.3413
225.7	77500.0	2.3423
225.8	77500.0	2.3431
225.9	77600.0	2.3441
226.0	77600.0	2.3448
226.1	77600.0	2.3456
226.2	77500.0	2.3466
226.3	77600.0	2.3473
226.4	77600.0	2.3481
226.5	77500.0	2.3491
226.6	77600.0	2.3499
226.7	77500.0	2.3509
226.8	77600.0	2.3516
226.9	77600.0	2.3524
227.0	77600.0	2.3534
227.1	77500.0	2.3541
227.2	77600.0	2.3549
227.3	77600.0	2.3559
227.4	77600.0	2.3566
227.5	77600.0	2.3574
227.6	77600.0	2.3584
227.7	77600.0	2.3591
227.8	77600.0	2.3599
227.9	77600.0	2.3609
228.0	77600.0	2.3616
228.1	77600.0	2.3624
228.2	77500.0	2.3631
228.3	77600.0	2.3639
228.4	77600.0	2.3649
228.5	77600.0	2.3656
228.6	77600.0	2.3664
228.7	77600.0	2.3671
228.8	77600.0	2.3681
228.9	77600.0	2.3689
229.0	77600.0	2.3696
229.1	77600.0	2.3706
229.2	77600.0	2.3714
229.3	77600.0	2.3724
229.4	77600.0	2.3731
229.5	77600.0	2.3739
229.6	77600.0	2.3749
229.7	77600.0	2.3756
229.8	77600.0	2.3766
229.9	77600.0	2.3774
230.0	77600.0	2.3781
230.1	77600.0	2.3791
230.2	77600.0	2.3799
230.3	77600.0	2.3806
230.4	77600.0	2.3816
230.5	77600.0	2.3824
230.6	77500.0	2.3834
230.7	77600.0	2.3841
230.8	77600.0	2.3849
230.9	77600.0	2.3859
231.0	77600.0	2.3866
231.1	77600.0	2.3876
231.2	77600.0	2.3884
231.3	77600.0	2.3891
231.4	77600.0	2.3901
231.5	77600.0	2.3909
231.6	77600.0	2.3919
231.7	77600.0	2.3926
231.8	77600.0	2.3936
231.9	77600.0	2.3944
232.0	77600.0	2.3951
232.1	77600.0	2.3961
232.2	77600.0	2.3969
232.3	77600.0	2.3979
232.4	77600.0	2.3986
232.5	77600.0	2.3996
232.6	77600.0	2.4004
232.7	77600.0	2.4012
232.8	77600.0	2.4022
232.9	77600.0	2.4029
233.0	77600.0	2.4039
233.1	77600.0	2.4047
233.2	77600.0	2.4057
233.3	77600.0	2.4064
233.4	77600.0	2.4072
233.5	77600.0	2.4082
233.6	77600.0	2.4089
233.7	77600.0	2.4097
233.8	77600.0	2.4107
233.9	77600.0	2.4114
234.0	77600.0	2.4124
234.1	77600.0	2.4132
234.2	77600.0	2.4139
234.3	77600.0	2.4149
234.4	77600.0	2.4157
234.5	77600.0	2.4167
234.6	77600.0	2.4174
234.7	77600.0	2.4182
234.8	77600.0	2.4192
234.9	77600.0	2.4199
235.0	77600.0	2.4209
235.1	77600.0	2.4217
235.2	77600.0	2.4224
235.3	77600.0	2.4234
235.4	77600.0	2.4242
235.5	77600.0	2.4249
235.6	77500.0	2.4259
235.7	77600.0	2.4267
235.8	77600.0	2.4274
235.9	77600.0	2.4284
236.0	77600.0	2.4292
236.1	77600.0	2.4299
236.2	77600.0	2.4307
236.3	77600.0	2.4317
236.4	77600.0	2.4324
236.5	77600.0	2.4332
236.6	77600.0	2.4342
236.7	77600.0	2.4349
236.8	77600.0	2.4357
236.9	77600.0	2.4367
237.0	77600.0	2.4374
237.1	77600.0	2.4382
237.2	77600.0	2.4392
237.3	77600.0	2.4399
237.4	77600.0	2.4409
237.5	77600.0	2.4417
237.6	77600.0	2.4424
237.7	77600.0	2.4434
237.8	77600.0	2.4442
237.9	77600.0	2.4452
238.0	77600.0	2.4459
238.1	77600.0	2.4467
238.2	77600.0	2.4477
238.3	77600.0	2.4484
238.4	77600.0	2.4494
238.5	77600.0	2.4502
238.6	77600.0	2.451
238.7	77600.0	2.452
238.8	77600.0	2.4527
238.9	77600.0	2.4537
239.0	77600.0	2.4545
239.1	77600.0	2.4555
239.2	77600.0	2.4562
239.3	77600.0	2.457
239.4	77600.0	2.458
239.5	77600.0	2.4587
239.6	77600.0	2.4597
239.7	77600.0	2.4605
239.8	77600.0	2.4615
239.9	77600.0	2.4622
240.0	77600.0	2.4632
240.1	77600.0	2.464
240.2	77600.0	2.465
240.3	77600.0	2.4657
240.4	77600.0	2.4665
240.5	77600.0	2.4675
240.6	77600.0	2.4682
240.7	77600.0	2.4692
240.8	77600.0	2.47
240.9	77600.0	2.4707
241.0	77600.0	2.4717
241.1	77600.0	2.4725
241.2	77600.0	2.4735
241.3	77600.0	2.4742
241.4	77600.0	2.4752
241.5	77600.0	2.476
241.6	77600.0	2.4767
241.7	77600.0	2.4777
241.8	77600.0	2.4785
241.9	77600.0	2.4795
242.0	77600.0	2.4802
242.1	77600.0	2.481
242.2	77600.0	2.482
242.3	77600.0	2.4827
242.4	77600.0	2.4837
242.5	77600.0	2.4845
242.6	77600.0	2.4852
242.7	77600.0	2.4862
242.8	77600.0	2.487
242.9	77600.0	2.488
243.0	77600.0	2.4887
243.1	77600.0	2.4895
243.2	77600.0	2.4905
243.3	77600.0	2.4912
243.4	77600.0	2.492
243.5	77600.0	2.493
243.6	77600.0	2.4937
243.7	77600.0	2.4945
243.8	77600.0	2.4955
243.9	77600.0	2.4962
244.0	77600.0	2.497
244.1	77600.0	2.498
244.2	77600.0	2.4987
244.3	77600.0	2.4995
244.4	77600.0	2.5005
244.5	77600.0	2.5013
244.6	77600.0	2.502
244.7	77600.0	2.503
244.8	77600.0	2.5038
244.9	77600.0	2.5045
245.0	77600.0	2.5055
245.1	77600.0	2.5063
245.2	77600.0	2.5073
245.3	77600.0	2.508
245.4	77600.0	2.5088
245.5	77600.0	2.5098
245.6	77600.0	2.5105
245.7	77600.0	2.5115
245.8	77600.0	2.5123
245.9	77600.0	2.513
246.0	77600.0	2.514
246.1	77600.0	2.5148
246.2	77600.0	2.5158
246.3	77600.0	2.5165
246.4	77600.0	2.5175
246.5	77600.0	2.5183
246.6	77600.0	2.519
246.7	77600.0	2.52
246.8	77600.0	2.5208
246.9	77600.0	2.5218
247.0	77600.0	2.5225
247.1	77600.0	2.5233
247.2	77600.0	2.5243
247.3	77600.0	2.525
247.4	77600.0	2.526
247.5	77600.0	2.5268
247.6	77600.0	2.5278
247.7	77600.0	2.5285
247.8	77600.0	2.5293
247.9	77600.0	2.5303
248.0	77600.0	2.5313
248.1	77500.0	2.532
248.2	77600.0	2.5328
248.3	77600.0	2.5338
248.4	77600.0	2.5345
248.5	77600.0	2.5355
248.6	77500.0	2.5363
248.7	77500.0	2.537
248.8	77600.0	2.5378
248.9	77500.0	2.5385
249.0	77600.0	2.5393
249.1	77600.0	2.5403
249.2	77600.0	2.541
249.3	77600.0	2.542
249.4	77500.0	2.5428
249.5	77500.0	2.5435
249.6	77600.0	2.5445
249.7	77500.0	2.5453
249.8	77600.0	2.5463
249.9	77600.0	2.547
250.0	77500.0	2.5478
250.1	77600.0	2.5488
250.2	77600.0	2.5495
250.3	77600.0	2.5506
250.4	77600.0	2.5513
250.5	77500.0	2.5523
250.6	77600.0	2.5531
250.7	77500.0	2.5538
250.8	77500.0	2.5548
250.9	77500.0	2.5556
251.0	77500.0	2.5566
251.1	77500.0	2.5573
251.2	77500.0	2.5583
251.3	77500.0	2.5591
251.4	77500.0	2.5598
251.5	77600.0	2.5608
251.6	77500.0	2.5616
251.7	77500.0	2.5626
251.8	77600.0	2.5633
251.9	77500.0	2.5646
252.0	77500.0	2.5653
252.1	77500.0	2.5663
252.2	77500.0	2.5671
252.3	77500.0	2.5678
252.4	77500.0	2.5688
252.5	77500.0	2.5696
252.6	77500.0	2.5703
252.7	77500.0	2.5713
252.8	77500.0	2.5721
252.9	77500.0	2.5728
253.0	77500.0	2.5738
253.1	77500.0	2.5746
253.2	77500.0	2.5753
253.3	77500.0	2.5763
253.4	77500.0	2.5771
253.5	77500.0	2.5778
253.6	77500.0	2.5788
253.7	77500.0	2.5796
253.8	77500.0	2.5806
253.9	77500.0	2.5813
254.0	77500.0	2.5821
254.1	77500.0	2.5831
254.2	77500.0	2.5838
254.3	77500.0	2.5848
254.4	77500.0	2.5856
254.5	77500.0	2.5863
254.6	77500.0	2.5873
254.7	77500.0	2.5881
254.8	77500.0	2.5891
254.9	77500.0	2.5898
255.0	77500.0	2.5906
255.1	77500.0	2.5916
255.2	77500.0	2.5923
255.3	77500.0	2.5933
255.4	77500.0	2.5941
255.5	77500.0	2.5948
255.6	77500.0	2.5958
255.7	77500.0	2.5966
255.8	77500.0	2.5976
255.9	77600.0	2.5983
256.0	77500.0	2.5991
256.1	77500.0	2.6001
256.2	77500.0	2.6009
256.3	77500.0	2.6019
256.4	77500.0	2.6026
256.5	77500.0	2.6036
256.6	77500.0	2.6044
256.7	77500.0	2.6051
256.8	77500.0	2.6061
256.9	77500.0	2.6069
257.0	77500.0	2.6076
257.1	77500.0	2.6086
257.2	77500.0	2.6094
257.3	77500.0	2.6104
257.4	77500.0	2.6111
257.5	77500.0	2.6121
257.6	77500.0	2.6129
257.7	77500.0	2.6139
257.8	77500.0	2.6146
257.9	77500.0	2.6154
258.0	77500.0	2.6164
258.1	77500.0	2.6171
258.2	77500.0	2.6181
258.3	77500.0	2.6189
258.4	77500.0	2.6196
258.5	77500.0	2.6206
258.6	77500.0	2.6214
258.7	77500.0	2.6224
258.8	77500.0	2.6231
258.9	77500.0	2.6236
259.0	77500.0	2.6244
259.1	77500.0	2.6254
259.2	77500.0	2.6261
259.3	77500.0	2.6269
259.4	77500.0	2.6279
259.5	77500.0	2.6286
259.6	77500.0	2.6294
259.7	77500.0	2.6304
259.8	77500.0	2.6311
259.9	77500.0	2.6321
260.0	77500.0	2.6329
260.1	77500.0	2.6336
260.2	77500.0	2.6346
260.3	77500.0	2.6354
260.4	77500.0	2.6361
260.5	77500.0	2.6371
260.6	77500.0	2.6379
260.7	77500.0	2.6389
260.8	77500.0	2.6396
260.9	77500.0	2.6404
261.0	77500.0	2.6414
261.1	77400.0	2.6421
261.2	77500.0	2.6431
261.3	77400.0	2.6439
261.4	77400.0	2.6446
261.5	77400.0	2.6456
261.6	77400.0	2.6464
261.7	77400.0	2.6471
261.8	77500.0	2.6481
261.9	77400.0	2.6489
262.0	77500.0	2.6499
262.1	77500.0	2.6507
262.2	77500.0	2.6514
262.3	77500.0	2.6524
262.4	77500.0	2.6532
262.5	77500.0	2.6542
262.6	77500.0	2.6549
262.7	77500.0	2.6557
262.8	77500.0	2.6567
262.9	77500.0	2.6574
263.0	77500.0	2.6584
263.1	77500.0	2.6592
263.2	77400.0	2.6599
263.3	77500.0	2.6609
263.4	77400.0	2.6617
263.5	77400.0	2.6624
263.6	77500.0	2.6634
263.7	77400.0	2.6642
263.8	77400.0	2.6649
263.9	77400.0	2.6659
264.0	77400.0	2.6667
264.1	77400.0	2.6677
264.2	77400.0	2.6684
264.3	77400.0	2.6692
264.4	77400.0	2.6702
264.5	77400.0	2.6709
264.6	77400.0	2.6717
264.7	77400.0	2.6727
264.8	77400.0	2.6734
264.9	77400.0	2.6744
265.0	77400.0	2.6752
265.1	77400.0	2.6759
265.2	77400.0	2.6769
265.3	77400.0	2.6777
265.4	77400.0	2.6784
265.5	77400.0	2.6792
265.6	77400.0	2.6802
265.7	77400.0	2.6809
265.8	77400.0	2.6817
265.9	77400.0	2.6827
266.0	77400.0	2.6834
266.1	77400.0	2.6842
266.2	77400.0	2.6849
266.3	77400.0	2.6859
266.4	77400.0	2.6867
266.5	77400.0	2.6874
266.6	77400.0	2.6884
266.7	77400.0	2.6892
266.8	77400.0	2.6899
266.9	77400.0	2.6909
267.0	77400.0	2.6917
267.1	77400.0	2.6927
267.2	77400.0	2.6934
267.3	77400.0	2.6942
267.4	77400.0	2.6952
267.5	77400.0	2.6959
267.6	77400.0	2.6967
267.7	77400.0	2.6977
267.8	77400.0	2.6984
267.9	77400.0	2.6994
268.0	77400.0	2.7002
268.1	77400.0	2.701
268.2	77400.0	2.702
268.3	77400.0	2.7027
268.4	77400.0	2.7035
268.5	77400.0	2.7045
268.6	77400.0	2.7052
268.7	77400.0	2.7062
268.8	77400.0	2.707
268.9	77400.0	2.7077
269.0	77400.0	2.7087
269.1	77400.0	2.7095
269.2	77400.0	2.7105
269.3	77400.0	2.7112
269.4	77400.0	2.712
269.5	77400.0	2.713
269.6	77400.0	2.7137
269.7	77400.0	2.7147
269.8	77400.0	2.7155
269.9	77400.0	2.7162
270.0	77400.0	2.7172
270.1	77400.0	2.718
270.2	77400.0	2.719
270.3	77300.0	2.7197
270.4	77300.0	2.7205
270.5	77300.0	2.7215
270.6	77300.0	2.7222
270.7	77300.0	2.723
270.8	77300.0	2.724
270.9	77300.0	2.7247
271.0	77300.0	2.7257
271.1	77300.0	2.7265
271.2	77300.0	2.7272
271.3	77300.0	2.7282
271.4	77300.0	2.729
271.5	77300.0	2.7297
271.6	77300.0	2.7307
271.7	77300.0	2.7315
271.8	77300.0	2.7322
271.9	77300.0	2.733
272.0	77300.0	2.7337
272.1	77300.0	2.7347
272.2	77300.0	2.7355
272.3	77300.0	2.7362
272.4	77300.0	2.7372
272.5	77300.0	2.738
272.6	77300.0	2.7387
272.7	77300.0	2.7397
272.8	77300.0	2.7405
272.9	77300.0	2.7412
273.0	77300.0	2.7422
273.1	77300.0	2.743
273.2	77300.0	2.7437
273.3	77300.0	2.7447
273.4	77300.0	2.7455
273.5	77300.0	2.7465
273.6	77300.0	2.7472
273.7	77300.0	2.748
273.8	77300.0	2.749
273.9	77300.0	2.7497
274.0	77300.0	2.7507
274.1	77300.0	2.7515
274.2	77300.0	2.7523
274.3	77300.0	2.7533
274.4	77300.0	2.7538
274.5	77300.0	2.7548
274.6	77300.0	2.7555
274.7	77300.0	2.7565
274.8	77300.0	2.7573
274.9	77300.0	2.758
275.0	77300.0	2.759
275.1	77300.0	2.7595
275.2	77300.0	2.7605
275.3	77200.0	2.761
275.4	77200.0	2.762
275.5	77200.0	2.7628
275.6	77200.0	2.7635
275.7	77300.0	2.7648
275.8	77200.0	2.7658
275.9	77300.0	2.7665
276.0	77300.0	2.7673
276.1	77200.0	2.768
276.2	77200.0	2.7688
276.3	77200.0	2.7693
276.4	77200.0	2.77
276.5	77200.0	2.771
276.6	77200.0	2.7718
276.7	77200.0	2.7725
276.8	77200.0	2.7735
276.9	77200.0	2.7748
277.0	77200.0	2.7755
277.1	77200.0	2.7763
277.2	77200.0	2.7773
277.3	77200.0	2.778
277.4	77200.0	2.779
277.5	77200.0	2.7795
277.6	77200.0	2.7808
277.7	77200.0	2.7815
277.8	77200.0	2.782
277.9	77200.0	2.7828
278.0	77200.0	2.7838
278.1	77200.0	2.7845
278.2	77200.0	2.7853
278.3	77200.0	2.7863
278.4	77200.0	2.787
278.5	77200.0	2.788
278.5	77200.0	2.7888
278.7	77200.0	2.7895
278.8	77200.0	2.7905
278.9	77200.0	2.7915
279.0	77200.0	2.792
279.1	77200.0	2.7928
279.2	77200.0	2.794
279.3	77200.0	2.7945
279.4	77200.0	2.7955
279.5	77200.0	2.7963
279.6	77200.0	2.797
279.7	77200.0	2.798
279.8	77200.0	2.7988
279.9	77200.0	2.7995
280.0	77200.0	2.8003
280.1	77200.0	2.8013
280.2	77200.0	2.8021
280.3	77200.0	2.8028
280.4	77200.0	2.8038
280.5	77200.0	2.8046
280.6	77200.0	2.8053
280.7	77200.0	2.8063
280.8	77200.0	2.8071
280.9	77200.0	2.8081
281.0	77200.0	2.8088
281.1	77200.0	2.8096
281.2	77200.0	2.8106
281.3	77200.0	2.8113
281.4	77200.0	2.8121
281.5	77200.0	2.8131
281.6	77200.0	2.8138
281.7	77200.0	2.8146
281.8	77100.0	2.8156
281.9	77200.0	2.8163
282.0	77100.0	2.8171
282.1	77100.0	2.8181
282.2	77100.0	2.8188
282.3	77100.0	2.8198
282.4	77100.0	2.8206
282.5	77100.0	2.8213
282.6	77100.0	2.8223
282.7	77100.0	2.8231
282.8	77100.0	2.8238
282.9	77100.0	2.8248
283.0	77100.0	2.8256
283.1	77100.0	2.8266
283.2	77100.0	2.8273
283.3	77100.0	2.8281
283.4	77100.0	2.8291
283.5	77100.0	2.8298
283.6	77000.0	2.8306
283.7	77000.0	2.8313
283.8	77000.0	2.8323
283.9	77000.0	2.8331
284.0	77000.0	2.8338
284.1	77000.0	2.8348
284.2	77000.0	2.8356
284.3	77000.0	2.8366
284.4	77000.0	2.8373
284.5	77000.0	2.8381
284.6	77000.0	2.8391
284.7	77000.0	2.8398
284.8	77000.0	2.8406
284.9	76900.0	2.8416
285.0	77000.0	2.8423
285.1	76900.0	2.8431
285.2	76900.0	2.8441
285.3	76900.0	2.8448
285.4	76900.0	2.8458
285.5	76900.0	2.8466
285.6	76900.0	2.8473
285.7	76900.0	2.8481
285.8	76800.0	2.8491
285.9	76800.0	2.8499
286.0	76800.0	2.8506
286.1	76800.0	2.8516
286.2	76800.0	2.8524
286.3	76800.0	2.8531
286.4	76800.0	2.8541
286.5	76800.0	2.8549
286.6	76800.0	2.8556
286.7	76800.0	2.8564
286.8	76800.0	2.8574
286.9	76700.0	2.8581
287.0	76700.0	2.8589
287.1	76700.0	2.8599
287.2	76700.0	2.8606
287.3	76700.0	2.8614
287.4	76600.0	2.8621
287.5	76600.0	2.8631
287.6	76600.0	2.8639
287.7	76600.0	2.8646
287.8	76500.0	2.8656
287.9	76500.0	2.8664
288.0	76500.0	2.8671
288.1	76400.0	2.8681
288.2	76400.0	2.8689
288.3	76400.0	2.8696
288.4	76400.0	2.8706
288.5	76400.0	2.8714
288.6	76400.0	2.8724
288.7	76300.0	2.8731
288.8	76300.0	2.8739
288.9	76200.0	2.8749
289.0	76200.0	2.8756
289.1	76200.0	2.8766
289.2	76100.0	2.8774
289.3	76100.0	2.8784
289.4	76000.0	2.8791
289.5	76000.0	2.8799
289.6	76000.0	2.8809
289.7	76000.0	2.8816
289.8	75900.0	2.8826
289.9	75800.0	2.8834
290.0	75700.0	2.8844
290.1	75600.0	2.8851
290.2	75600.0	2.8859
290.3	75600.0	2.8869
290.4	75500.0	2.8876
290.5	75400.0	2.8886
290.6	75300.0	2.8894
290.7	75300.0	2.8904
290.8	75200.0	2.8914
290.9	75100.0	2.8921
291.0	75000.0	2.8931
291.1	74900.0	2.8939
291.2	74800.0	2.8949
291.3	74800.0	2.8956
291.4	74700.0	2.8966
291.5	74500.0	2.8976
291.6	74400.0	2.8984
291.7	74400.0	2.8994
291.8	74200.0	2.9001
291.9	74100.0	2.9012
292.0	74000.0	2.9022
292.1	73900.0	2.9029
292.2	73700.0	2.9039
292.3	73600.0	2.9047
292.4	73500.0	2.9057
292.5	73300.0	2.9067
292.6	73200.0	2.9074
292.7	73000.0	2.9084
292.8	72800.0	2.9094
292.9	72700.0	2.9102
293.0	72500.0	2.9112
293.1	72400.0	2.9122
293.2	72200.0	2.9129
293.3	72000.0	2.9139
293.4	71800.0	2.9147
293.5	71600.0	2.9157
293.6	71400.0	2.9164
293.7	71200.0	2.9172
293.8	71000.0	2.9182
293.9	70800.0	2.9189
294.0	70600.0	2.9197
294.1	70400.0	2.9207
294.2	70200.0	2.9214
294.3	70000.0	2.9222
294.4	69700.0	2.9232
294.5	69500.0	2.9239
294.6	69200.0	2.9247
294.7	69000.0	2.9257
294.8	68700.0	2.9264
294.9	68400.0	2.9274
295.0	68000.0	2.9284
295.1	67500.0	2.9805
295.2	66500.0	2.9359
295.3	1200.0	2.955
295.4	-600.0	2.97
295.5	-100.0	2.9567
295.6	100.0	2.9562
295.7	100.0	2.9605
295.8	100.0	2.9605
295.9	100.0	2.9627
296.0	100.0	2.962
296.1	100.0	2.9625
296.2	0.0	2.9627
296.3	100.0	2.9632
296.4	0.0	2.963
296.5	100.0	2.9632
296.6	0.0	2.9632
296.7	100.0	2.9632
296.8	0.0	2.9632
296.9	0.0	2.9632
297.0	0.0	2.9632
297.1	0.0	2.9635
297.2	0.0	2.9632
297.3	0.0	2.9637
297.4	0.0	2.9635
297.5	0.0	2.9632
297.6	0.0	2.9635
297.7	0.0	2.9637
297.8	100.0	2.9635
297.9	0.0	2.964
298.0	0.0	2.9637
298.1	0.0	2.9642
298.2	0.0	2.964
298.3	0.0	2.9642
298.4	0.0	2.9642
298.5	0.0	2.9647
298.6	0.0	2.9645
298.7	0.0	2.9645
298.8	0.0	2.9645
298.9	0.0	2.9645
299.0	0.0	2.9645
299.1	0.0	2.9642
299.2	0.0	2.9645
299.3	0.0	2.9645
299.4	0.0	2.9647
299.5	0.0	2.9645
299.6	0.0	2.9647
299.7	0.0	2.9647
299.8	0.0	2.9647
299.9	0.0	2.9645
300.0	0.0	2.9645
300.1	0.0	2.9645
